run iteration throughput state cores frequency explore
1 0 20517910 5 4 14 1
1 1 20589545 6 4 14 1
1 2 20562335 5 4 14 1
1 3 20559373 5 4 14 1
1 4 19639686 5 4 13 1
1 5 20578224 6 4 14 1
1 6 19639560 5 4 13 1
1 7 14826730 4 3 13 1
1 8 14735167 4 3 12 1
1 9 14734841 4 3 12 1
1 10 19630308 5 4 13 1
1 11 19365455 5 4 12 1
1 12 17769143 5 4 11 1
1 13 14969815 4 3 12 1
1 14 14735145 4 3 13 1
1 15 14736388 4 3 12 1
1 16 14735669 4 3 13 1
1 17 9871562 3 2 13 1
1 18 5002306 2 1 12 1
1 19 6647925 2 2 11 1
1 20 5069603 2 1 12 1
1 21 9588119 3 2 13 1
1 22 5422839 2 1 14 1
1 23 5149919 2 1 14 1
1 24 5143941 2 1 14 1
1 25 4923357 2 1 13 1
1 26 4910547 2 1 12 1
1 27 4445681 2 1 11 1
1 28 4439520 2 1 11 1
1 29 4904006 2 1 12 1
1 30 9644971 3 2 13 1
1 31 5082610 2 1 13 1
1 32 4906121 2 1 13 1
1 33 4910839 2 1 12 1
1 34 4472161 2 1 11 1
1 35 6229474 2 2 10 1
1 36 4554407 2 1 10 1
1 37 4210472 2 1 9 1
1 38 4210549 2 1 9 1
1 39 8279085 3 2 9 1
1 40 12390440 4 3 9 1
1 41 16589896 5 4 9 1
1 42 11416249 3 3 8 1
1 43 11233476 3 3 8 1
1 44 11233229 3 3 8 1
1 45 7245109 2 2 7 1
1 46 7022259 2 2 7 1
1 47 3752061 1 1 7 1
1 48 3509674 1 1 6 1
1 49 3041954 1 1 5 1
1 50 3039291 1 1 5 1
1 51 3042275 1 1 5 1
1 52 5577136 2 2 4 1
1 53 2907105 1 1 3 1
1 54 2805394 1 1 3 1
1 55 5447671 2 2 4 1
1 56 5618376 2 2 4 1
1 57 5612499 2 2 4 1
1 58 8174422 2 3 4 1
1 59 5624076 2 2 3 1
1 60 5617966 2 2 3 1
1 61 7004789 2 3 4 1
1 62 8425530 3 3 3 1
1 63 4896914 2 2 2 1
1 64 5548701 2 2 3 1
1 65 5997419 2 3 2 1
1 66 8426087 3 3 3 1
1 67 7037755 2 3 2 1
1 68 8413116 3 4 1 1
1 69 8409110 3 4 1 1
1 70 7043582 2 3 2 1
1 71 9228260 3 4 2 1
1 72 8415836 3 4 1 1
1 73 6436907 2 3 1 1
1 74 4378637 2 2 1 1
1 75 6096317 2 3 1 1
1 76 4711101 2 2 2 1
1 77 5580709 2 2 3 1
1 78 8287991 3 3 3 1
1 79 11232295 3 4 3 1
1 80 8452679 3 3 3 1
1 81 5673690 2 2 4 1
1 82 3137771 1 1 5 1
1 83 3480632 1 1 6 1
1 84 3074805 1 1 5 1
1 85 5835891 2 2 5 1
1 86 8774261 3 3 5 1
1 87 5622742 2 2 4 1
1 88 2858058 1 1 4 1
1 89 5545319 2 2 3 1
1 90 8256749 3 3 3 1
1 91 8426586 3 3 3 1
1 92 8426895 3 3 4 1
1 93 11100842 3 4 3 1
1 94 8502135 3 3 4 1
1 95 12160795 3 4 5 1
1 96 9390019 3 3 5 1
1 97 9128717 3 3 5 1
1 98 5637613 2 2 4 1
1 99 3099515 1 1 5 1
1 100 3490882 1 1 6 1
1 101 3509838 1 1 7 1
1 102 3509741 1 1 7 1
1 103 7034990 2 2 8 1
1 104 10108320 3 3 7 1
1 105 7755976 2 2 8 1
1 106 3513556 1 1 7 1
1 107 3506470 1 1 7 1
1 108 3510089 1 1 6 1
1 109 3055306 1 1 5 1
1 110 3039049 1 1 5 1
1 111 2818600 1 1 4 1
1 112 5454027 2 2 3 1
1 113 6313488 2 3 4 1
1 114 6086477 2 4 5 1
1 115 6086602 2 4 5 1
1 116 7009353 2 3 6 1
1 117 4027421 1 4 7 1
1 118 3510530 1 3 6 1
1 119 3510489 1 4 6 1

2 120 0 1 3 5 1
2 121 8501418 3 3 4 1
2 122 8413332 3 3 4 1
2 123 9125579 3 3 5 1
2 124 11215453 3 4 4 1
2 125 12151052 3 4 5 1
2 126 11000662 3 4 4 1
2 127 11228836 3 4 4 1
2 128 12157075 3 4 5 1
2 129 14031386 4 4 6 1
2 130 12162482 3 4 5 1
2 131 11985666 3 4 5 1
2 132 9339765 3 3 5 1
2 133 11229201 3 4 4 1
2 134 11223693 3 4 3 1
2 135 9341680 3 4 2 1
2 136 6493616 2 3 1 1
2 137 4811304 2 2 2 1
2 138 5616644 2 2 3 1
2 139 2832545 1 1 3 1
2 140 2807242 1 1 4 1
2 141 3034401 1 1 5 1
2 142 3038338 1 1 5 1
2 143 3485490 1 1 6 1
2 144 5936210 2 2 5 1
2 145 3703441 1 1 6 1
2 146 3508593 1 1 7 1
2 147 3508690 1 1 6 1
2 148 3508617 1 1 6 1
2 149 3052567 1 1 5 1
2 150 3040236 1 1 5 1
2 151 5942399 2 2 5 1
2 152 6967086 2 2 6 1
2 153 6149259 2 2 5 1
2 154 8176126 2 3 4 1
2 155 11229183 3 4 3 1
2 156 7104225 2 3 2 1
2 157 4762848 2 2 2 1
2 158 5559043 2 3 1 1
2 159 8415770 3 4 1 1
2 160 9242777 3 4 2 1
2 161 7118942 2 3 2 1
2 162 11223295 3 4 3 1
2 163 9347112 3 4 2 1
2 164 6494086 2 3 1 1
2 165 6316755 2 3 1 1
2 166 8419589 3 4 1 1
2 167 6435747 2 3 1 1
2 168 6316341 2 3 1 1
2 169 6316629 2 3 1 1
2 170 4226015 2 2 1 1
2 171 4207255 2 2 1 1
2 172 2178998 1 1 1 1
2 173 2104971 1 1 1 1
2 174 2323579 1 1 2 1
2 175 2767294 1 1 3 1
2 176 4680095 2 2 2 1
2 177 2137142 1 1 1 1
2 178 2102504 1 1 1 1
2 179 2330941 1 1 2 1
2 180 4120437 2 2 1 1
2 181 2252802 1 1 1 1
2 182 4210478 2 2 1 1
2 183 2363098 1 1 2 1
2 184 2339102 1 1 2 1
2 185 2336690 1 1 2 1
2 186 2779608 1 1 3 1
2 187 2807231 1 1 4 1
2 188 5813900 2 2 5 1
2 189 2807273 1 1 4 1
2 190 2807150 1 1 3 1
2 191 2807182 1 1 3 1
2 192 4613180 2 2 2 1
2 193 2473212 1 1 2 1
2 194 2338899 1 1 2 1
2 195 2767171 1 1 3 1
2 196 2806476 1 1 3 1
2 197 2807205 1 1 4 1
2 198 3035070 1 1 5 1
2 199 3038159 1 1 5 1
2 200 4033302 1 2 4 1
2 201 6055204 2 2 5 1
2 202 6084914 2 2 5 1
2 203 8202202 2 3 4 1
2 204 11225997 3 4 3 1
2 205 8495712 3 3 4 1
2 206 11225891 3 4 3 1
2 207 11212342 3 4 4 1
2 208 11063143 3 4 4 1
2 209 11226330 3 4 4 1
2 210 9153558 3 3 5 1
2 211 6185463 2 2 5 1
2 212 3620703 1 1 6 1
2 213 3508515 1 1 7 1
2 214 3508698 1 1 7 1
2 215 3504912 1 1 6 1
2 216 3078089 1 1 5 1
2 217 3508826 1 1 6 1
2 218 3042443 1 1 5 1
2 219 6937603 2 2 6 1
2 220 8863038 3 3 5 1
2 221 6234439 2 2 5 1
2 222 10130117 3 3 6 1
2 223 12163792 3 4 5 1
2 224 9360753 3 3 5 1
2 225 11218815 3 4 4 1
2 226 8608220 3 3 3 1
2 227 11232409 3 4 4 1
2 228 12160349 3 4 5 1
2 229 12142457 3 4 5 1
2 230 12166392 3 4 5 1
2 231 8738284 3 3 4 1
2 232 8425893 3 3 3 1
2 233 8425831 3 3 3 1
2 234 11218655 3 4 3 1
2 235 8624224 3 3 3 1
2 236 11232340 3 4 4 1
2 237 8549736 3 3 4 1
2 238 5782694 2 2 4 1
2 239 5618313 2 2 4 1
2 240 3011453 1 1 3 1
2 241 4680746 2 2 2 1
2 242 2129413 1 1 1 1
2 243 2105684 1 1 1 1
2 244 4567611 2 2 2 1
2 245 2267367 1 1 1 1
2 246 2105610 1 1 1 1
2 247 2105566 1 1 1 1
2 248 2103538 1 1 1 1
2 249 4161902 2 2 1 1
2 250 5065201 2 3 1 1
2 251 8417752 3 4 1 1
2 252 6373439 2 3 1 1
2 253 6318284 2 3 1 1
2 254 4325567 2 2 1 1
2 255 4212570 2 2 1 1
2 256 6314462 2 3 1 1
2 257 6312991 2 4 1 1
2 258 6990548 2 3 2 1
2 259 4362796 2 2 1 1
2 260 2475455 1 1 2 1
2 261 2105673 1 1 1 1
2 262 4201411 2 2 1 1
2 263 6950588 2 3 2 1
2 264 7021206 2 3 2 1
2 265 6365127 2 4 1 1
2 266 6965791 2 4 2 1
2 267 8296408 3 3 3 1
2 268 8426360 3 3 4 1
2 269 8425387 3 4 3 1
2 270 3750766 1 4 3 1
2 271 2809648 1 4 4 1

3 272 3141868 1 4 3 1
3 273 11200988 3 4 3 0
3 274 9227913 3 4 2 0
3 275 8325650 3 4 1 0
3 276 8424457 3 4 1 0
3 277 8418771 3 4 1 0
3 278 8424916 3 4 1 0
3 279 8419610 3 4 1 0
3 280 8426359 3 4 1 0
3 281 8417576 3 4 1 0
3 282 8306178 3 4 1 0
3 283 8415689 3 4 1 0
3 284 8423326 3 4 1 0
3 285 8415472 3 4 1 0
3 286 8422584 3 4 1 0
3 287 8415409 3 4 1 0
3 288 8422374 3 4 1 0
3 289 8414508 3 4 1 0
3 290 8376033 3 4 1 0
3 291 8405169 3 4 1 0
3 292 8420605 3 4 1 0
3 293 8413297 3 4 1 0
3 294 8424187 3 4 1 0
3 295 8415248 3 4 1 0
3 296 8423815 3 4 1 0
3 297 8417175 3 4 1 0
3 298 8322368 3 4 1 0
3 299 8424353 3 4 1 0
3 300 8417070 3 4 1 0
3 301 8426186 3 4 1 0
3 302 8417268 3 4 1 0
3 303 8424248 3 4 1 0
3 304 8417259 3 4 1 0
3 305 8424734 3 4 1 0
3 306 8414790 3 4 1 0
3 307 8424533 3 4 1 0
3 308 8417135 3 4 1 0
3 309 8426155 3 4 1 0
3 310 8415378 3 4 1 0
3 311 8424475 3 4 1 0
3 312 8418399 3 4 1 0
3 313 8424998 3 4 1 0
3 314 8418444 3 4 1 0
3 315 8422253 3 4 1 0
3 316 8416672 3 4 1 0
3 317 8424870 3 4 1 0
3 318 8418414 3 4 1 0
3 319 8424672 3 4 1 0
3 320 8418233 3 4 1 0
3 321 8413050 3 4 1 0
3 322 8424397 3 4 1 0
3 323 8413232 3 4 1 0
3 324 8422281 3 4 1 0
3 325 8414408 3 4 1 0
3 326 8420572 3 4 1 0
3 327 8414480 3 4 1 0
3 328 8424396 3 4 1 0
3 329 8414998 3 4 1 0
3 330 8422622 3 4 1 0
3 331 8345971 3 4 1 0
3 332 8421761 3 4 1 0
3 333 8413324 3 4 1 0
3 334 8423821 3 4 1 0
3 335 8414771 3 4 1 0
3 336 8424332 3 4 1 0
3 337 8416795 3 4 1 0
3 338 8424566 3 4 1 0
3 339 8300406 3 4 1 0
3 340 8426067 3 4 1 0
3 341 8418527 3 4 1 0
3 342 8426132 3 4 1 0
3 343 8417085 3 4 1 0
3 344 8424984 3 4 1 0
3 345 8420466 3 4 1 0
3 346 8413293 3 4 1 0
3 347 8303495 3 4 1 0
3 348 8414833 3 4 1 0
3 349 8424566 3 4 1 0
3 350 8417234 3 4 1 0
3 351 8424491 3 4 1 0
3 352 8420683 3 4 1 0
3 353 8413392 3 4 1 0
3 354 8420586 3 4 1 0
3 355 8294968 3 4 1 0
3 356 8422343 3 4 1 0
3 357 8413016 3 4 1 0
3 358 8413938 3 4 1 0
3 359 8413723 3 4 1 0
3 360 8420889 3 4 1 0
3 361 8413470 3 4 1 0
3 362 8422176 3 4 1 0
3 363 8296558 3 4 1 0
3 364 8424415 3 4 1 0
3 365 8413463 3 4 1 0
3 366 8421768 3 4 1 0
3 367 4875307 2 4 1 0

4 368 2146723 1 4 1 0
4 369 8351906 3 4 1 0
4 370 8382794 3 4 1 0
4 371 8375096 3 4 1 0
4 372 8377834 3 4 1 0
4 373 8375350 3 4 1 0
4 374 8383109 3 4 1 0
4 375 8377064 3 4 1 0
4 376 8383618 3 4 1 0
4 377 8378606 3 4 1 0
4 378 8388047 3 4 1 0
4 379 8380465 3 4 1 0
4 380 8386626 3 4 1 0
4 381 8382287 3 4 1 0
4 382 8375616 3 4 1 0
4 383 8384106 3 4 1 0
4 384 8375224 3 4 1 0
4 385 8385978 3 4 1 0
4 386 8377156 3 4 1 0
4 387 8386097 3 4 1 0
4 388 8378551 3 4 1 0
4 389 8387839 3 4 1 0
4 390 8380230 3 4 1 0
4 391 8373977 3 4 1 0
4 392 8297557 3 4 1 0
4 393 8375746 3 4 1 0
4 394 8385916 3 4 1 0
4 395 8376660 3 4 1 0
4 396 8386303 3 4 1 0
4 397 8377112 3 4 1 0
4 398 8383088 3 4 1 0
4 399 8370605 3 4 1 0
4 400 8269924 3 4 1 0
4 401 8380653 3 4 1 0
4 402 8386800 3 4 1 0
4 403 8379906 3 4 1 0
4 404 8386606 3 4 1 0
4 405 8372436 3 4 1 0
4 406 8387981 3 4 1 0
4 407 8380421 3 4 1 0
4 408 8257039 3 4 1 0
4 409 8384090 3 4 1 0
4 410 8375331 3 4 1 0
4 411 8382717 3 4 1 0
4 412 8386872 3 4 1 0
4 413 8382568 3 4 1 0
4 414 8386543 3 4 1 0
4 415 8382704 3 4 1 0
4 416 8259027 3 4 1 0
4 417 8384298 3 4 1 0
4 418 8376595 3 4 1 0
4 419 8387030 3 4 1 0
4 420 8377183 3 4 1 0
4 421 8385516 3 4 1 0
4 422 8378861 3 4 1 0
4 423 8387195 3 4 1 0
4 424 8261034 3 4 1 0
4 425 8388195 3 4 1 0
4 426 8377281 3 4 1 0
4 427 8384125 3 4 1 0
4 428 8375074 3 4 1 0
4 429 8383957 3 4 1 0
4 430 8376757 3 4 1 0
4 431 8386320 3 4 1 0
4 432 8259394 3 4 1 0
4 433 8383993 3 4 1 0
4 434 8376931 3 4 1 0
4 435 8384245 3 4 1 0
4 436 8385103 3 4 1 0
4 437 8380844 3 4 1 0
4 438 8387969 3 4 1 0
4 439 8380435 3 4 1 0
4 440 8268794 3 4 1 0
4 441 8380649 3 4 1 0
4 442 8387996 3 4 1 0
4 443 8376828 3 4 1 0
4 444 8384373 3 4 1 0
4 445 8375640 3 4 1 0
4 446 8382437 3 4 1 0
4 447 8386512 3 4 1 0
4 448 8264355 3 4 1 0
4 449 8375773 3 4 1 0
4 450 8382834 3 4 1 0
4 451 8375474 3 4 1 0
4 452 8382782 3 4 1 0
4 453 8385168 3 4 1 0
4 454 8380643 3 4 1 0
4 455 8387872 3 4 1 0
4 456 8261195 3 4 1 0
4 457 8386273 3 4 1 0
4 458 8376772 3 4 1 0
4 459 8386321 3 4 1 0
4 460 8377233 3 4 1 0
4 461 8385302 3 4 1 0
4 462 8375497 3 4 1 0
4 463 8382531 3 4 1 0
4 464 5164036 2 4 1 0

5 465 7103353 2 4 1 0
5 466 8415945 3 4 1 0
5 467 8421876 3 4 1 0
5 468 8295099 3 4 1 0
5 469 8410256 3 4 1 0
5 470 8418056 3 4 1 0
5 471 8420273 3 4 1 0
5 472 8415665 3 4 1 0
5 473 8423095 3 4 1 0
5 474 8414184 3 4 1 0
5 475 8421527 3 4 1 0
5 476 8295392 3 4 1 0
5 477 8422985 3 4 1 0
5 478 8415587 3 4 1 0
5 479 8421987 3 4 1 0
5 480 8414174 3 4 1 0
5 481 8421810 3 4 1 0
5 482 8415642 3 4 1 0
5 483 8422054 3 4 1 0
5 484 8299266 3 4 1 0
5 485 8421944 3 4 1 0
5 486 8419141 3 4 1 0
5 487 8410814 3 4 1 0
5 488 8419161 3 4 1 0
5 489 8410798 3 4 1 0
5 490 8419593 3 4 1 0
5 491 8411624 3 4 1 0
5 492 8302919 3 4 1 0
5 493 8414104 3 4 1 0
5 494 8423208 3 4 1 0
5 495 8414415 3 4 1 0
5 496 8413485 3 4 1 0
5 497 8414120 3 4 1 0
5 498 8423040 3 4 1 0
5 499 8415718 3 4 1 0
5 500 8303443 3 4 1 0
5 501 8417689 3 4 1 0
5 502 8420164 3 4 1 0
5 503 8415915 3 4 1 0
5 504 8423591 3 4 1 0
5 505 8414388 3 4 1 0
5 506 8423433 3 4 1 0
5 507 8411876 3 4 1 0
5 508 8304649 3 4 1 0
5 509 8415375 3 4 1 0
5 510 8423217 3 4 1 0
5 511 8415619 3 4 1 0
5 512 8423246 3 4 1 0
5 513 8415571 3 4 1 0
5 514 8420303 3 4 1 0
5 515 8415257 3 4 1 0
5 516 8419736 3 4 1 0
5 517 8417848 3 4 1 0
5 518 8420096 3 4 1 0
5 519 8417728 3 4 1 0
5 520 8421897 3 4 1 0
5 521 8414390 3 4 1 0
5 522 8423603 3 4 1 0
5 523 8413848 3 4 1 0
5 524 8421893 3 4 1 0
5 525 8415716 3 4 1 0
5 526 8422018 3 4 1 0
5 527 8417814 3 4 1 0
5 528 8421822 3 4 1 0
5 529 8413974 3 4 1 0
5 530 8413122 3 4 1 0
5 531 8412179 3 4 1 0
5 532 8419586 3 4 1 0
5 533 8339408 3 4 1 0
5 534 8417936 3 4 1 0
5 535 8421626 3 4 1 0
5 536 8415714 3 4 1 0
5 537 8423137 3 4 1 0
5 538 8417415 3 4 1 0
5 539 8421750 3 4 1 0
5 540 8417837 3 4 1 0
5 541 8372994 3 4 1 0
5 542 8418017 3 4 1 0
5 543 8421792 3 4 1 0
5 544 8415887 3 4 1 0
5 545 8423240 3 4 1 0
5 546 8414270 3 4 1 0
5 547 8423321 3 4 1 0
5 548 8412173 3 4 1 0
5 549 8303232 3 4 1 0
5 550 8412263 3 4 1 0
5 551 8421369 3 4 1 0
5 552 8410494 3 4 1 0
5 553 8418084 3 4 1 0
5 554 8409980 3 4 1 0
5 555 8419014 3 4 1 0
5 556 8419997 3 4 1 0
5 557 8300524 3 4 1 0
5 558 8410665 3 4 1 0
5 559 8417702 3 4 1 0
5 560 6459174 2 4 1 0

6 561 107649 1 4 1 0
6 562 8381494 3 4 1 0
6 563 8413003 3 4 1 0
6 564 8422038 3 4 1 0
6 565 8406938 3 4 1 0
6 566 8420453 3 4 1 0
6 567 8410546 3 4 1 0
6 568 8420206 3 4 1 0
6 569 8412827 3 4 1 0
6 570 8415207 3 4 1 0
6 571 8414523 3 4 1 0
6 572 8421625 3 4 1 0
6 573 8412528 3 4 1 0
6 574 8420239 3 4 1 0
6 575 8414257 3 4 1 0
6 576 8420406 3 4 1 0
6 577 8416109 3 4 1 0
6 578 8420068 3 4 1 0
6 579 8412849 3 4 1 0
6 580 8421684 3 4 1 0
6 581 8414575 3 4 1 0
6 582 8421589 3 4 1 0
6 583 8414409 3 4 1 0
6 584 8422048 3 4 1 0
6 585 8414368 3 4 1 0
6 586 8303326 3 4 1 0
6 587 8414337 3 4 1 0
6 588 8421740 3 4 1 0
6 589 8414576 3 4 1 0
6 590 8420665 3 4 1 0
6 591 8414430 3 4 1 0
6 592 8421907 3 4 1 0
6 593 8414195 3 4 1 0
6 594 8329049 3 4 1 0
6 595 8420363 3 4 1 0
6 596 8410742 3 4 1 0
6 597 8418418 3 4 1 0
6 598 8409731 3 4 1 0
6 599 8418402 3 4 1 0
6 600 8419253 3 4 1 0
6 601 8414814 3 4 1 0
6 602 8302728 3 4 1 0
6 603 8412712 3 4 1 0
6 604 8420518 3 4 1 0
6 605 8414138 3 4 1 0
6 606 8420453 3 4 1 0
6 607 8415991 3 4 1 0
6 608 8408857 3 4 1 0
6 609 8417840 3 4 1 0
6 610 8291900 3 4 1 0
6 611 8421601 3 4 1 0
6 612 8414389 3 4 1 0
6 613 8422113 3 4 1 0
6 614 8412754 3 4 1 0
6 615 8421679 3 4 1 0
6 616 8413845 3 4 1 0
6 617 8420432 3 4 1 0
6 618 8298063 3 4 1 0
6 619 8410368 3 4 1 0
6 620 8417767 3 4 1 0
6 621 8410933 3 4 1 0
6 622 8420348 3 4 1 0
6 623 8410861 3 4 1 0
6 624 8418079 3 4 1 0
6 625 8419094 3 4 1 0
6 626 8297774 3 4 1 0
6 627 8408737 3 4 1 0
6 628 8418052 3 4 1 0
6 629 8409069 3 4 1 0
6 630 8417874 3 4 1 0
6 631 8410750 3 4 1 0
6 632 8420252 3 4 1 0
6 633 8412780 3 4 1 0
6 634 8303662 3 4 1 0
6 635 8412773 3 4 1 0
6 636 8421730 3 4 1 0
6 637 8411291 3 4 1 0
6 638 8418212 3 4 1 0
6 639 8410893 3 4 1 0
6 640 8418147 3 4 1 0
6 641 8408694 3 4 1 0
6 642 8299296 3 4 1 0
6 643 8412231 3 4 1 0
6 644 8421683 3 4 1 0
6 645 8412388 3 4 1 0
6 646 8420254 3 4 1 0
6 647 8416280 3 4 1 0
6 648 8409064 3 4 1 0
6 649 8417780 3 4 1 0
6 650 8300139 3 4 1 0
6 651 8416265 3 4 1 0
6 652 8409135 3 4 1 0
6 653 8409374 3 4 1 0
6 654 8410772 3 4 1 0
6 655 8419862 3 4 1 0
6 656 8157307 2 4 1 0

7 657 2686079 1 4 1 0
7 658 8371213 3 4 1 0
7 659 8399753 3 4 1 0
7 660 8392641 3 4 1 0
7 661 8394483 3 4 1 0
7 662 8275892 3 4 1 0
7 663 8401605 3 4 1 0
7 664 8392485 3 4 1 0
7 665 8399813 3 4 1 0
7 666 8404106 3 4 1 0
7 667 8396432 3 4 1 0
7 668 8404056 3 4 1 0
7 669 8394040 3 4 1 0
7 670 8287081 3 4 1 0
7 671 8399724 3 4 1 0
7 672 8392377 3 4 1 0
7 673 8403363 3 4 1 0
7 674 8393965 3 4 1 0
7 675 8401930 3 4 1 0
7 676 8392544 3 4 1 0
7 677 8399777 3 4 1 0
7 678 8285783 3 4 1 0
7 679 8397595 3 4 1 0
7 680 8403830 3 4 1 0
7 681 8399675 3 4 1 0
7 682 8393677 3 4 1 0
7 683 8397723 3 4 1 0
7 684 8403866 3 4 1 0
7 685 8397895 3 4 1 0
7 686 8285458 3 4 1 0
7 687 8399510 3 4 1 0
7 688 8402249 3 4 1 0
7 689 8397794 3 4 1 0
7 690 8405392 3 4 1 0
7 691 8396114 3 4 1 0
7 692 8403932 3 4 1 0
7 693 8397536 3 4 1 0
7 694 8285669 3 4 1 0
7 695 8396526 3 4 1 0
7 696 8403563 3 4 1 0
7 697 8396439 3 4 1 0
7 698 8404482 3 4 1 0
7 699 8396228 3 4 1 0
7 700 8404106 3 4 1 0
7 701 8396062 3 4 1 0
7 702 8284882 3 4 1 0
7 703 8393084 3 4 1 0
7 704 8401760 3 4 1 0
7 705 8405858 3 4 1 0
7 706 8397900 3 4 1 0
7 707 8405368 3 4 1 0
7 708 8394396 3 4 1 0
7 709 8401830 3 4 1 0
7 710 8403970 3 4 1 0
7 711 8401539 3 4 1 0
7 712 8394620 3 4 1 0
7 713 8401604 3 4 1 0
7 714 8405814 3 4 1 0
7 715 8399504 3 4 1 0
7 716 8405691 3 4 1 0
7 717 8391175 3 4 1 0
7 718 8406992 3 4 1 0
7 719 8397435 3 4 1 0
7 720 8406910 3 4 1 0
7 721 8397723 3 4 1 0
7 722 8407291 3 4 1 0
7 723 8397588 3 4 1 0
7 724 8406454 3 4 1 0
7 725 8397941 3 4 1 0
7 726 8405248 3 4 1 0
7 727 8405444 3 4 1 0
7 728 8399356 3 4 1 0
7 729 8405429 3 4 1 0
7 730 8401560 3 4 1 0
7 731 8405642 3 4 1 0
7 732 8399561 3 4 1 0
7 733 8406743 3 4 1 0
7 734 8399218 3 4 1 0
7 735 8399483 3 4 1 0
7 736 8394093 3 4 1 0
7 737 8402920 3 4 1 0
7 738 8394782 3 4 1 0
7 739 8403530 3 4 1 0
7 740 8394717 3 4 1 0
7 741 8401548 3 4 1 0
7 742 8394201 3 4 1 0
7 743 8368844 3 4 1 0
7 744 8395893 3 4 1 0
7 745 8403318 3 4 1 0
7 746 8394692 3 4 1 0
7 747 8405400 3 4 1 0
7 748 8394286 3 4 1 0
7 749 8403027 3 4 1 0
7 750 8395382 3 4 1 0
7 751 8278472 3 4 1 0
7 752 8395929 3 4 1 0

8 753 1718367 1 4 1 0
8 754 8242665 3 4 1 0
8 755 8384743 3 4 1 0
8 756 8391433 3 4 1 0
8 757 8380789 3 4 1 0
8 758 8389676 3 4 1 0
8 759 8385821 3 4 1 0
8 760 8391369 3 4 1 0
8 761 8385140 3 4 1 0
8 762 8271635 3 4 1 0
8 763 8387248 3 4 1 0
8 764 8389428 3 4 1 0
8 765 8387201 3 4 1 0
8 766 8381236 3 4 1 0
8 767 8387301 3 4 1 0
8 768 8391270 3 4 1 0
8 769 8385040 3 4 1 0
8 770 8274498 3 4 1 0
8 771 8381461 3 4 1 0
8 772 8388871 3 4 1 0
8 773 8380046 3 4 1 0
8 774 8387607 3 4 1 0
8 775 8390207 3 4 1 0
8 776 8389110 3 4 1 0
8 777 8379566 3 4 1 0
8 778 8270642 3 4 1 0
8 779 8389417 3 4 1 0
8 780 8387175 3 4 1 0
8 781 8379905 3 4 1 0
8 782 8388798 3 4 1 0
8 783 8383492 3 4 1 0
8 784 8392769 3 4 1 0
8 785 8383429 3 4 1 0
8 786 8272602 3 4 1 0
8 787 8379805 3 4 1 0
8 788 8387579 3 4 1 0
8 789 8380039 3 4 1 0
8 790 8388680 3 4 1 0
8 791 8380064 3 4 1 0
8 792 8387620 3 4 1 0
8 793 8389702 3 4 1 0
8 794 8339310 3 4 1 0
8 795 8380317 3 4 1 0
8 796 8387253 3 4 1 0
8 797 8379839 3 4 1 0
8 798 8388732 3 4 1 0
8 799 8380165 3 4 1 0
8 800 8388620 3 4 1 0
8 801 8372972 3 4 1 0
8 802 8291313 3 4 1 0
8 803 8390826 3 4 1 0
8 804 8383615 3 4 1 0
8 805 8393148 3 4 1 0
8 806 8381416 3 4 1 0
8 807 8392880 3 4 1 0
8 808 8348335 3 4 1 0
8 809 8391328 3 4 1 0
8 810 8388742 3 4 1 0
8 811 8380101 3 4 1 0
8 812 8386377 3 4 1 0
8 813 8389321 3 4 1 0
8 814 8385105 3 4 1 0
8 815 8391292 3 4 1 0
8 816 8384623 3 4 1 0
8 817 8392656 3 4 1 0
8 818 8383363 3 4 1 0
8 819 8381736 3 4 1 0
8 820 8389956 3 4 1 0
8 821 8381679 3 4 1 0
8 822 8390723 3 4 1 0
8 823 8381540 3 4 1 0
8 824 8388846 3 4 1 0
8 825 8378812 3 4 1 0
8 826 8387038 3 4 1 0
8 827 8281125 3 4 1 0
8 828 8385151 3 4 1 0
8 829 8392796 3 4 1 0
8 830 8384545 3 4 1 0
8 831 8391614 3 4 1 0
8 832 8384607 3 4 1 0
8 833 8391193 3 4 1 0
8 834 8388721 3 4 1 0
8 835 8313639 3 4 1 0
8 836 8380113 3 4 1 0
8 837 8379586 3 4 1 0
8 838 8388355 3 4 1 0
8 839 8379561 3 4 1 0
8 840 8388561 3 4 1 0
8 841 8389627 3 4 1 0
8 842 8386852 3 4 1 0
8 843 8261689 3 4 1 0
8 844 8387024 3 4 1 0
8 845 8389895 3 4 1 0
8 846 8388587 3 4 1 0
8 847 8381711 3 4 1 0
8 848 8388692 3 4 1 0
8 849 4620565 2 4 1 0

9 850 8284962 3 4 1 0
9 851 8419268 3 4 1 0
9 852 8411983 3 4 1 0
9 853 8415505 3 4 1 0
9 854 8412840 3 4 1 0
9 855 8356691 3 4 1 0
9 856 8414069 3 4 1 0
9 857 8421143 3 4 1 0
9 858 8411421 3 4 1 0
9 859 8423207 3 4 1 0
9 860 8415592 3 4 1 0
9 861 8414774 3 4 1 0
9 862 8412071 3 4 1 0
9 863 8303007 3 4 1 0
9 864 8411760 3 4 1 0
9 865 8419140 3 4 1 0
9 866 8410102 3 4 1 0
9 867 8418993 3 4 1 0
9 868 8413825 3 4 1 0
9 869 8422831 3 4 1 0
9 870 8415305 3 4 1 0
9 871 8304629 3 4 1 0
9 872 8413628 3 4 1 0
9 873 8422473 3 4 1 0
9 874 8413925 3 4 1 0
9 875 8421321 3 4 1 0
9 876 8411506 3 4 1 0
9 877 8420930 3 4 1 0
9 878 8415717 3 4 1 0
9 879 8303246 3 4 1 0
9 880 8415309 3 4 1 0
9 881 8423093 3 4 1 0
9 882 8411906 3 4 1 0
9 883 8420684 3 4 1 0
9 884 8414074 3 4 1 0
9 885 8420849 3 4 1 0
9 886 8411746 3 4 1 0
9 887 8300618 3 4 1 0
9 888 8420399 3 4 1 0
9 889 8417584 3 4 1 0
9 890 8421828 3 4 1 0
9 891 8415599 3 4 1 0
9 892 8423192 3 4 1 0
9 893 8415384 3 4 1 0
9 894 8410509 3 4 1 0
9 895 8300767 3 4 1 0
9 896 8412061 3 4 1 0
9 897 8419197 3 4 1 0
9 898 8410193 3 4 1 0
9 899 8417325 3 4 1 0
9 900 8421392 3 4 1 0
9 901 8417499 3 4 1 0
9 902 8421655 3 4 1 0
9 903 8296723 3 4 1 0
9 904 8410060 3 4 1 0
9 905 8419089 3 4 1 0
9 906 8419857 3 4 1 0
9 907 8417615 3 4 1 0
9 908 8410491 3 4 1 0
9 909 8419261 3 4 1 0
9 910 8419985 3 4 1 0
9 911 8298056 3 4 1 0
9 912 8422586 3 4 1 0
9 913 8413835 3 4 1 0
9 914 8421576 3 4 1 0
9 915 8415667 3 4 1 0
9 916 8421638 3 4 1 0
9 917 8415616 3 4 1 0
9 918 8423380 3 4 1 0
9 919 8296849 3 4 1 0
9 920 8423031 3 4 1 0
9 921 8414077 3 4 1 0
9 922 8421208 3 4 1 0
9 923 8411752 3 4 1 0
9 924 8419097 3 4 1 0
9 925 8411691 3 4 1 0
9 926 8421164 3 4 1 0
9 927 8292033 3 4 1 0
9 928 8419017 3 4 1 0
9 929 8413517 3 4 1 0
9 930 8414833 3 4 1 0
9 931 8415431 3 4 1 0
9 932 8422401 3 4 1 0
9 933 8411951 3 4 1 0
9 934 8421481 3 4 1 0
9 935 8293655 3 4 1 0
9 936 8419102 3 4 1 0
9 937 8419944 3 4 1 0
9 938 8417463 3 4 1 0
9 939 8410364 3 4 1 0
9 940 8417446 3 4 1 0
9 941 8421854 3 4 1 0
9 942 8417530 3 4 1 0
9 943 8293411 3 4 1 0
9 944 8421399 3 4 1 0
9 945 5251117 2 4 1 0

10 946 7608621 2 4 1 0
10 947 8299658 3 4 1 0
10 948 8413427 3 4 1 0
10 949 8414785 3 4 1 0
10 950 8412681 3 4 1 0
10 951 8420798 3 4 1 0
10 952 8411160 3 4 1 0
10 953 8420585 3 4 1 0
10 954 8412944 3 4 1 0
10 955 8303662 3 4 1 0
10 956 8410928 3 4 1 0
10 957 8420561 3 4 1 0
10 958 8415007 3 4 1 0
10 959 8420792 3 4 1 0
10 960 8414534 3 4 1 0
10 961 8422097 3 4 1 0
10 962 8413072 3 4 1 0
10 963 8301964 3 4 1 0
10 964 8410608 3 4 1 0
10 965 8420395 3 4 1 0
10 966 8411246 3 4 1 0
10 967 8418687 3 4 1 0
10 968 8409445 3 4 1 0
10 969 8416559 3 4 1 0
10 970 8420774 3 4 1 0
10 971 8296214 3 4 1 0
10 972 8420737 3 4 1 0
10 973 8417894 3 4 1 0
10 974 8409774 3 4 1 0
10 975 8418090 3 4 1 0
10 976 8420050 3 4 1 0
10 977 8415554 3 4 1 0
10 978 8422848 3 4 1 0
10 979 8413996 3 4 1 0
10 980 8421382 3 4 1 0
10 981 8415246 3 4 1 0
10 982 8421851 3 4 1 0
10 983 8414254 3 4 1 0
10 984 8423317 3 4 1 0
10 985 8415934 3 4 1 0
10 986 8423170 3 4 1 0
10 987 8417555 3 4 1 0
10 988 8410134 3 4 1 0
10 989 8420271 3 4 1 0
10 990 8412392 3 4 1 0
10 991 8420082 3 4 1 0
10 992 8414076 3 4 1 0
10 993 8421201 3 4 1 0
10 994 8415682 3 4 1 0
10 995 8421491 3 4 1 0
10 996 8410056 3 4 1 0
10 997 8418797 3 4 1 0
10 998 8412022 3 4 1 0
10 999 8421338 3 4 1 0
10 1000 8413982 3 4 1 0
10 1001 8421978 3 4 1 0
10 1002 8414213 3 4 1 0
10 1003 8413442 3 4 1 0
10 1004 8423252 3 4 1 0
10 1005 8411714 3 4 1 0
10 1006 8419335 3 4 1 0
10 1007 8410711 3 4 1 0
10 1008 8417689 3 4 1 0
10 1009 8421832 3 4 1 0
10 1010 8417602 3 4 1 0
10 1011 8422587 3 4 1 0
10 1012 8415479 3 4 1 0
10 1013 8410111 3 4 1 0
10 1014 8419080 3 4 1 0
10 1015 8410518 3 4 1 0
10 1016 8417697 3 4 1 0
10 1017 8422126 3 4 1 0
10 1018 8417589 3 4 1 0
10 1019 8422301 3 4 1 0
10 1020 8297477 3 4 1 0
10 1021 8423432 3 4 1 0
10 1022 8412226 3 4 1 0
10 1023 8419249 3 4 1 0
10 1024 8420093 3 4 1 0
10 1025 8416287 3 4 1 0
10 1026 8423235 3 4 1 0
10 1027 8414205 3 4 1 0
10 1028 8303125 3 4 1 0
10 1029 8411966 3 4 1 0
10 1030 8419287 3 4 1 0
10 1031 8410226 3 4 1 0
10 1032 8417852 3 4 1 0
10 1033 8420226 3 4 1 0
10 1034 8415393 3 4 1 0
10 1035 8420095 3 4 1 0
10 1036 8297364 3 4 1 0
10 1037 8422937 3 4 1 0
10 1038 8407374 3 4 1 0
10 1039 8423284 3 4 1 0
10 1040 8413640 3 4 1 0
10 1041 5862418 2 4 1 0
