run iteration throughput state cores frequency explore
1 0 4844 4 4 14 1
1 1 4627 3 4 13 1
1 2 4766 4 4 14 1
1 3 4776 4 4 14 1
1 4 5491 4 3 14 1
1 5 5663 4 3 14 1
1 6 7944 6 2 14 1
1 7 10461 6 2 14 1
1 8 10120 6 2 13 1
1 9 11248 6 2 14 1
1 10 11599 6 2 14 1
1 11 6096 4 1 14 1
1 12 5431 4 1 14 1
1 13 9862 6 2 13 1
1 14 6190 4 1 14 1
1 15 5580 4 1 13 1
1 16 5584 4 1 12 1
1 17 10022 6 2 13 1
1 18 11803 6 2 14 1
1 19 10425 6 2 14 1
1 20 12520 6 2 14 1

2 21 2611 2 1 14 1
2 22 4635 3 1 13 1
2 23 4030 3 1 12 1
2 24 4755 4 2 12 1
2 25 5372 4 3 12 1
2 26 5544 4 4 12 1
2 27 5601 4 3 13 1
2 28 12722 6 3 13 1
2 29 21146 6 4 13 1
2 30 16420 6 3 13 1
2 31 18369 6 3 14 1
2 32 12791 6 2 13 1
2 33 18519 6 3 14 1
2 34 13301 6 2 14 1
2 35 6110 4 1 13 1

3 36 290 1 2 13 1
3 37 4748 4 1 12 0
3 38 4584 3 1 11 0
3 39 3983 3 1 10 0
3 40 4009 3 1 9 0
3 41 3697 3 1 8 0
3 42 3315 3 1 7 0
3 43 3359 3 1 6 0
3 44 3070 2 1 5 0
3 45 2921 2 1 4 0
3 46 3154 2 1 5 0
3 47 5891 4 2 4 0
3 48 3371 3 1 3 0
3 49 2618 2 1 2 0
3 50 5134 4 2 3 0
3 51 2644 2 1 2 0
3 52 5781 4 2 3 0
3 53 2851 2 1 2 0
3 54 5581 4 2 3 0
3 55 2540 2 1 2 0
3 56 2490 2 1 2 0
3 57 2304 2 1 1 0
3 58 2423 2 1 2 0
3 59 2500 2 1 2 0
3 60 4707 3 2 2 0
3 61 2473 2 1 1 0
3 62 4967 4 2 1 0
3 63 2647 2 1 1 0
3 64 5141 4 2 1 0
3 65 2871 2 1 1 0
3 66 5057 4 2 1 0
3 67 2635 2 1 1 0
3 68 5167 4 2 1 0
3 69 2773 2 1 1 0
3 70 5036 4 2 1 0
3 71 3115 2 1 2 0
3 72 2662 2 1 1 0
3 73 5903 4 2 2 0
3 74 10557 6 3 3 0
3 75 12022 6 4 2 0

4 76 1345 1 4 1 0
4 77 2806 2 3 2 0
4 78 3109 2 4 2 0
4 79 2699 2 4 1 0
4 80 2829 2 3 2 0
4 81 2861 2 3 2 0
4 82 3040 2 3 1 0
4 83 2722 2 3 2 0
4 84 2903 2 2 2 0
4 85 2052 2 1 1 0
4 86 2831 2 2 2 0
4 87 3463 3 3 2 0
4 88 4557 3 2 1 0
4 89 2729 2 1 1 0
4 90 4744 4 2 1 0
4 91 4654 3 2 1 0
4 92 2475 2 1 1 0
4 93 4378 3 2 1 0
4 94 2376 2 1 1 0
4 95 4003 3 2 1 0
4 96 2493 2 1 1 0
4 97 4919 4 2 1 0
4 98 4949 4 2 1 0
4 99 4836 4 2 1 0
4 100 5029 4 2 1 0
4 101 5159 4 2 1 0
4 102 5131 4 2 1 0
4 103 4944 4 2 1 0
4 104 4984 4 2 1 0
4 105 3922 3 2 1 0
4 106 2481 2 1 1 0
4 107 4718 3 2 1 0
4 108 2642 2 1 1 0
4 109 5345 4 2 1 0
4 110 5432 4 2 1 0
4 111 5499 4 2 1 0
4 112 5343 4 2 1 0
4 113 5436 4 2 1 0
4 114 5344 4 2 1 0
4 115 5607 4 2 1 0
4 116 5595 4 2 1 0

5 117 1131 1 2 1 0
5 118 2247 2 3 1 0
5 119 2175 2 4 1 0
5 120 2118 2 4 1 0
5 121 2944 2 4 1 0
5 122 2792 2 4 1 0
5 123 2473 2 4 1 0
5 124 2752 2 4 1 0
5 125 2732 2 4 1 0
5 126 2722 2 4 1 0
5 127 2697 2 4 1 0
5 128 4409 3 4 1 0
5 129 5451 4 3 1 0
5 130 6733 5 3 1 0
5 131 4954 4 2 1 0
5 132 4283 3 2 1 0
5 133 2292 2 1 1 0
5 134 4360 3 2 1 0
5 135 2586 2 1 1 0
5 136 4639 3 2 1 0
5 137 2559 2 1 1 0
5 138 4751 4 2 1 0
5 139 4516 3 2 1 0
5 140 2512 2 1 1 0
5 141 4142 3 2 1 0
5 142 2555 2 1 1 0
5 143 4508 3 2 1 0
5 144 2479 2 1 1 0
5 145 4829 4 2 1 0
5 146 5057 4 2 1 0
5 147 5164 4 2 1 0
5 148 5226 4 2 1 0
5 149 5339 4 2 1 0
5 150 5242 4 2 1 0
5 151 5390 4 2 1 0
5 152 5167 4 2 1 0
5 153 5293 4 2 1 0
5 154 5317 4 2 1 0
5 155 5375 4 2 1 0
5 156 5255 4 2 1 0
5 157 5509 4 2 1 0

6 158 510 1 2 1 0
6 159 2358 2 3 2 0
6 160 2431 2 4 2 0
6 161 2488 2 4 2 0
6 162 2730 2 4 2 0
6 163 3007 2 4 2 0
6 164 2934 2 4 2 0
6 165 2961 2 4 2 0
6 166 3117 2 4 2 0
6 167 3091 2 4 2 0
6 168 3375 3 4 2 0
6 169 4910 4 3 1 0
6 170 6293 4 3 1 0
6 171 5179 4 2 1 0
6 172 4607 3 2 1 0
6 173 2305 2 1 1 0
6 174 4033 3 2 1 0
6 175 2449 2 1 1 0
6 176 4117 3 2 1 0
6 177 2416 2 1 1 0
6 178 4102 3 2 1 0
6 179 2317 2 1 1 0
6 180 4435 3 2 1 0
6 181 2454 2 1 1 0
6 182 4432 3 2 1 0
6 183 2579 2 1 1 0
6 184 4458 3 2 1 0
6 185 2544 2 1 1 0
6 186 4986 4 2 1 0
6 187 5216 4 2 1 0
6 188 5145 4 2 1 0
6 189 5220 4 2 1 0
6 190 5179 4 2 1 0
6 191 5240 4 2 1 0
6 192 5198 4 2 1 0
6 193 5149 4 2 1 0
6 194 4986 4 2 1 0
6 195 5059 4 2 1 0
6 196 8061 6 3 1 0
6 197 10620 6 4 1 0

7 198 0 1 4 2 0
7 199 2694 2 4 2 0
7 200 3018 2 4 2 0
7 201 3364 3 4 2 0
7 202 2549 2 3 1 0
7 203 2593 2 4 1 0
7 204 2691 2 4 1 0
7 205 2769 2 4 1 0
7 206 2775 2 4 1 0
7 207 2552 2 4 1 0
7 208 2493 2 4 1 0
7 209 2967 2 4 1 0
7 210 4850 4 4 1 0
7 211 7830 5 4 2 0
7 212 9964 6 3 3 0
7 213 12801 6 4 4 0
7 214 13228 6 4 3 0
7 215 13487 6 4 3 0
7 216 10391 6 3 4 0
7 217 9891 6 3 4 0
7 218 6984 5 2 4 0
7 219 10684 6 3 3 0
7 220 6431 5 2 2 0
7 221 9638 6 3 3 0
7 222 11499 6 4 2 0

8 223 69 1 4 3 0
8 224 2510 2 4 2 0
8 225 2312 2 4 2 0
8 226 2769 2 4 2 0
8 227 2643 2 4 2 0
8 228 2373 2 4 2 0
8 229 2531 2 4 2 0
8 230 2326 2 4 2 0
8 231 2371 2 4 2 0
8 232 2948 2 4 2 0
8 233 4030 3 4 2 0
8 234 5580 4 3 1 0
8 235 6758 5 3 1 0
8 236 7072 5 3 1 0
8 237 7349 5 3 1 0
8 238 8142 6 3 2 0
8 239 13428 6 4 3 0
8 240 11383 6 4 2 0
8 241 11775 6 4 2 0
8 242 8920 6 3 2 0
8 243 4927 4 2 1 0
8 244 4659 3 2 2 0
8 245 2467 2 1 1 0
8 246 5105 4 2 1 0
8 247 5834 4 2 2 0
8 248 7279 5 2 3 0
8 249 4046 3 1 3 0
8 250 2959 2 1 2 0
8 251 5844 4 2 2 0
8 252 7487 5 2 3 0

9 253 2189 2 3 3 0
9 254 2791 2 4 3 0
9 255 3048 2 4 3 0
9 256 3089 2 4 3 0
9 257 3538 3 4 3 0
9 258 2822 2 3 2 0
9 259 2621 2 4 2 0
9 260 2832 2 4 2 0
9 261 2997 2 4 2 0
9 262 4054 3 4 2 0
9 263 5648 4 3 1 0
9 264 7591 5 3 2 0
9 265 10435 6 4 2 0
9 266 8906 6 3 3 0
9 267 9735 6 3 3 0
9 268 11161 6 4 2 0
9 269 13313 6 4 3 0
9 270 11234 6 4 2 0
9 271 11903 6 4 2 0
9 272 8424 6 3 1 0
9 273 5684 4 2 1 0
9 274 5869 4 2 2 0
9 275 7047 5 2 3 0
9 276 3679 3 1 3 0
9 277 2983 2 1 2 0

10 278 502 1 2 2 0
10 279 2711 2 2 3 0
10 280 2860 2 3 3 0
10 281 2839 2 4 3 0
10 282 3144 2 4 3 0
10 283 2987 2 4 3 0
10 284 2831 2 4 3 0
10 285 2522 2 4 3 0
10 286 3267 3 4 3 0
10 287 3820 3 3 2 0
10 288 4843 4 2 1 0
10 289 2506 2 1 1 0
10 290 4277 3 2 1 0
10 291 2443 2 1 1 0
10 292 4527 3 2 1 0
10 293 2591 2 1 1 0
10 294 5011 4 2 1 0
10 295 2554 2 1 1 0
10 296 4960 4 2 1 0
10 297 2623 2 1 1 0
10 298 4820 4 2 1 0
10 299 2640 2 1 1 0
10 300 4602 3 2 1 0
10 301 2390 2 1 1 0
10 302 4668 3 2 1 0
10 303 2596 2 1 1 0
10 304 4850 4 2 1 0
10 305 2693 2 1 1 0
10 306 4928 4 2 1 0
10 307 2731 2 1 1 0
10 308 5182 4 2 1 0
10 309 2615 2 1 1 0
10 310 5020 4 2 1 0
10 311 2689 2 1 1 0
10 312 5072 4 2 1 0
10 313 2783 2 1 1 0
10 314 5205 4 2 1 0
10 315 2730 2 1 1 0
10 316 5368 4 2 1 0
10 317 2861 2 1 1 0
10 318 5253 4 2 1 0
10 319 2883 2 1 1 0
10 320 5142 4 2 1 0
10 321 2807 2 1 1 0
10 322 5681 4 2 1 0
10 323 2856 2 1 1 0