run iteration throughput state cores frequency explore
1 0 94409 5 4 14 1
1 1 90261 5 4 13 1
1 2 90324 5 4 13 1
1 3 90712 5 4 12 1
1 4 82058 5 4 11 1
1 5 59284 4 3 10 1
1 6 76733 5 4 10 1
1 7 59846 4 3 9 1
1 8 69178 4 4 8 1
1 9 69174 4 4 8 1
1 10 69175 4 4 8 1
1 11 64867 4 4 7 1
1 12 64867 4 4 7 1
1 13 64902 4 4 6 1
1 14 64893 4 4 7 1
1 15 49893 3 3 7 1
1 16 35844 2 2 8 1
1 17 50553 3 3 9 1
1 18 58434 4 3 10 1
1 19 39460 3 2 9 1
1 20 20210 2 1 9 1
1 21 37800 2 2 9 1
1 22 50029 3 3 8 1
1 23 73600 4 4 9 1
1 24 59090 4 3 10 1
1 25 39815 3 2 9 1
1 26 20535 2 1 10 1
1 27 20488 2 1 11 1
1 28 37675 2 2 10 1
1 29 21135 2 1 9 1
1 30 19470 2 1 10 1
1 31 19449 2 1 10 1
1 32 20559 2 1 11 1
1 33 20548 2 1 11 1
1 34 22686 2 1 12 1
1 35 22667 2 1 13 1
1 36 44257 3 2 12 1
1 37 45351 3 2 12 1
1 38 23813 2 1 12 1
1 39 22709 2 1 13 1
1 40 23741 2 1 14 1
1 41 23772 2 1 14 1
1 42 22812 2 1 13 1
1 43 23722 2 1 14 1
1 44 35756 2 2 13 1
1 45 60700 4 3 14 1
1 46 90553 5 4 13 1
1 47 90879 5 4 13 1
1 48 95239 6 4 14 1
1 49 95205 6 4 14 1
1 50 95263 6 4 14 1
1 51 95223 6 4 14 1
1 52 72842 4 3 14 1
1 53 49210 3 2 14 1
1 54 24607 2 1 13 1
1 55 23715 2 1 14 1
1 56 22735 2 1 13 1
1 57 36277 2 2 14 1
1 58 47637 3 2 14 1
1 59 47631 3 2 14 1
1 60 47621 3 2 14 1
1 61 45551 3 2 13 1
1 62 45439 3 2 12 1
1 63 23869 2 1 12 1
1 64 22734 2 1 12 1
1 65 20692 2 1 11 1
1 66 38712 3 2 11 1
1 67 21244 2 1 10 1
1 68 19447 2 1 9 1
1 69 19473 2 1 10 1
1 70 19474 2 1 9 1
1 71 36895 2 2 10 1
1 72 55257 3 3 11 1
1 73 40157 3 2 10 1
1 74 20714 2 1 10 1
1 75 20497 2 1 11 1
1 76 22570 2 1 12 1
1 77 22736 2 1 13 1
1 78 22711 2 1 13 1
1 79 22745 2 1 13 1
1 80 22746 2 1 12 1
1 81 22740 2 1 13 1
1 82 22716 2 1 12 1
1 83 44042 3 2 13 1
1 84 45462 3 2 12 1
1 85 41375 3 2 11 1
1 86 55924 3 3 10 1
1 87 58421 4 3 9 1
1 88 58400 4 3 10 1
1 89 58396 4 3 10 1
1 90 40689 3 2 9 1
1 91 17321 1 1 8 1
1 92 38724 3 2 9 1
1 93 38946 3 2 10 1
1 94 38958 3 2 9 1
1 95 38971 3 2 10 1
1 96 38968 3 2 9 1
1 97 38973 3 2 9 1
1 98 38968 3 2 9 1
1 99 56468 3 3 9 1
1 100 69262 4 4 8 1
1 101 53262 3 3 8 1
1 102 34193 2 2 7 1
1 103 32459 2 2 6 1
1 104 48341 3 3 6 1
1 105 64874 4 4 6 1
1 106 64937 4 4 7 1
1 107 64929 4 4 7 1
1 108 64909 4 4 7 1
1 109 69276 4 4 8 1
1 110 53290 3 3 8 1
1 111 34152 2 2 7 1
1 112 16211 1 1 7 1
1 113 17315 1 1 8 1
1 114 19439 2 1 9 1
1 115 17365 1 1 8 1
1 116 37377 2 2 9 1
1 117 18433 1 1 8 1
1 118 16276 1 1 7 1
1 119 16219 1 1 7 1
1 120 16230 1 1 6 1
1 121 14231 1 1 5 1
1 122 16220 1 1 6 1
1 123 30797 2 2 6 1
1 124 16541 1 1 6 1
1 125 32053 2 2 6 1
1 126 47093 3 3 7 1
1 127 51748 3 3 8 1
1 128 64857 4 4 7 1
1 129 52190 3 3 8 1
1 130 64880 4 4 7 1
1 131 52798 3 3 8 1
1 132 51952 3 3 8 1
1 133 34121 2 2 7 1
1 134 42142 3 3 6 1
1 135 48671 3 3 6 1
1 136 32652 2 2 6 1
1 137 16602 1 1 6 1
1 138 26664 2 2 7 1
1 139 49477 3 3 8 1
1 140 77948 5 4 9 1
1 141 77968 5 4 10 1
1 142 81093 5 4 11 1
1 143 82266 5 4 11 1
1 144 69031 4 3 12 1
1 145 62195 4 3 11 1
1 146 67712 4 3 12 1
1 147 62252 4 3 11 1
1 148 82255 5 4 11 1
1 149 90943 5 4 12 1
1 150 90901 5 4 13 1
1 151 90771 5 4 12 1
1 152 68732 4 3 13 1
1 153 49401 3 2 14 1
1 154 47644 3 2 14 1
1 155 23898 2 1 14 1
1 156 23795 2 1 14 1
1 157 23807 2 1 14 1
1 158 23792 2 1 14 1
1 159 22719 2 1 13 1
1 160 22695 2 1 13 1
1 161 43144 3 2 13 1
1 162 65990 4 3 12 1
1 163 75625 4 4 11 1
1 164 41144 3 4 11 1
1 165 25226 2 3 12 1
1 166 20732 2 4 11 1

2 167 23155 2 3 10 1
2 168 60949 4 3 11 1
2 169 60940 4 3 11 1
2 170 76395 5 4 10 1
2 171 62243 4 3 11 1
2 172 80774 5 4 11 1
2 173 76347 5 4 10 1
2 174 80767 5 4 11 1
2 175 81462 5 4 11 1
2 176 81540 5 4 11 1
2 177 81561 5 4 11 1
2 178 77259 5 4 10 1
2 179 58921 4 3 10 1
2 180 41743 3 2 11 1
2 181 50617 3 3 10 1
2 182 58056 4 3 10 1
2 183 81713 5 4 11 1
2 184 90312 5 4 12 1
2 185 68844 4 3 12 1
2 186 46387 3 2 13 1
2 187 45185 3 2 13 1
2 188 61627 4 3 13 1
2 189 90336 5 4 12 1
2 190 90334 5 4 13 1
2 191 69381 4 3 12 1
2 192 43101 3 2 11 1
2 193 56200 3 3 10 1
2 194 81053 5 4 11 1
2 195 62014 4 3 11 1
2 196 41786 3 2 11 1
2 197 60262 4 3 12 1
2 198 46780 3 2 13 1
2 199 61440 4 3 14 1
2 200 71031 4 3 14 1
2 201 71018 4 3 14 1
2 202 90347 5 4 13 1
2 203 90389 5 4 13 1
2 204 90364 5 4 13 1
2 205 69161 4 3 12 1
2 206 67771 4 3 12 1
2 207 42900 3 2 11 1
2 208 22230 2 1 11 1
2 209 19341 2 1 10 1
2 210 19360 2 1 9 1
2 211 19366 2 1 9 1
2 212 32010 2 2 8 1
2 213 19962 2 1 9 1
2 214 17297 1 1 8 1
2 215 16187 1 1 7 1
2 216 16127 1 1 7 1
2 217 16128 1 1 7 1
2 218 17101 1 1 8 1
2 219 32849 2 2 8 1
2 220 32253 2 2 7 1
2 221 16230 1 1 6 1
2 222 16128 1 1 6 1
2 223 16100 1 1 7 1
2 224 16117 1 1 7 1
2 225 17162 1 1 8 1
2 226 16178 1 1 7 1
2 227 16127 1 1 6 1
2 228 27043 2 2 5 1
2 229 42249 3 3 6 1
2 230 54964 3 4 5 1
2 231 42910 3 3 5 1
2 232 33043 2 2 6 1
2 233 41853 3 3 5 1
2 234 41941 3 3 5 1
2 235 26977 2 2 4 1
2 236 32727 2 3 3 1
2 237 25819 2 2 4 1
2 238 14209 1 1 5 1
2 239 16043 1 1 6 1
2 240 14083 1 1 5 1
2 241 16002 1 1 6 1
2 242 31190 2 2 6 1
2 243 32251 2 2 7 1
2 244 17520 1 1 6 1
2 245 32135 2 2 7 1
2 246 17377 1 1 8 1
2 247 17191 1 1 8 1
2 248 19286 2 1 9 1
2 249 26119 2 2 8 1
2 250 50409 3 3 9 1
2 251 58048 4 3 9 1
2 252 39957 3 2 9 1
2 253 56650 3 3 10 1
2 254 40291 3 2 10 1
2 255 50669 3 3 10 1
2 256 77380 5 4 9 1
2 257 58924 4 3 9 1
2 258 35738 2 2 8 1
2 259 50209 3 3 8 1
2 260 51636 3 3 8 1
2 261 57611 4 3 9 1
2 262 77444 5 4 10 1
2 263 77444 5 4 9 1
2 264 59410 4 3 10 1
2 265 58103 4 3 9 1
2 266 58087 4 3 9 1
2 267 77453 5 4 10 1
2 268 76302 5 4 9 1
2 269 77427 5 4 9 1
2 270 68793 4 4 8 1
2 271 77463 5 4 9 1
2 272 59225 4 3 9 1
2 273 39971 3 2 9 1
2 274 56218 3 3 10 1
2 275 40305 3 2 9 1
2 276 49815 3 3 10 1
2 277 61326 4 3 11 1
2 278 38923 3 2 10 1
2 279 38742 3 2 9 1
2 280 45010 3 3 8 1
2 281 51665 3 3 8 1
2 282 77445 5 4 9 1
2 283 58493 4 3 9 1
2 284 58078 4 3 10 1
2 285 77374 5 4 10 1
2 286 77413 5 4 10 1
2 287 76365 5 4 10 1
2 288 77405 5 4 9 1
2 289 77482 5 4 10 1
2 290 77481 5 4 10 1
2 291 77450 5 4 10 1
2 292 81734 5 4 11 1
2 293 90346 5 4 12 1
2 294 90378 5 4 13 1
2 295 89106 5 4 13 1
2 296 69698 4 3 13 1
2 297 70734 4 3 14 1
2 298 47365 3 2 14 1
2 299 47363 3 2 14 1
2 300 45252 3 2 13 1
2 301 24116 2 1 14 1
2 302 23667 2 1 14 1
2 303 23691 2 1 14 1
2 304 23654 2 1 14 1
2 305 44290 3 2 13 1
2 306 45218 3 2 13 1
2 307 47253 3 3 14 1
2 308 47384 3 4 14 1
2 309 39758 3 4 13 1
2 310 22602 2 3 13 1
2 311 22613 2 3 12 1
2 312 20594 2 3 11 1
2 313 20442 2 3 11 1
2 314 20454 2 4 11 1
2 315 22430 2 3 12 1
2 316 22599 2 4 13 1
2 317 22626 2 4 12 1

3 318 19393 2 4 12 1
3 319 89102 5 4 12 0
3 320 63234 4 3 11 0
3 321 42635 3 2 11 0
3 322 38695 3 2 10 0
3 323 38719 3 2 9 0
3 324 34440 2 2 8 0
3 325 56397 3 3 9 0
3 326 57934 4 3 9 0
3 327 39342 3 2 9 0
3 328 34560 2 2 8 0
3 329 56262 3 3 9 0
3 330 57986 4 3 9 0
3 331 39935 3 2 9 0
3 332 34700 2 2 8 0
3 333 55465 3 3 9 0
3 334 57959 4 3 9 0
3 335 40514 3 2 9 0
3 336 38698 3 2 10 0
3 337 40838 3 2 11 0
3 338 45118 3 2 12 0
3 339 45196 3 2 13 0
3 340 47272 3 2 14 0
3 341 47338 3 2 14 0
3 342 47319 3 2 14 0
3 343 47297 3 2 14 0
3 344 47246 3 2 14 0
3 345 47172 3 2 14 0
3 346 47313 3 2 14 0
3 347 47320 3 2 14 0
3 348 47315 3 2 14 0
3 349 47321 3 2 14 0
3 350 47327 3 2 14 0
3 351 47298 3 2 14 0
3 352 47292 3 2 14 0
3 353 47284 3 2 14 0
3 354 47358 3 2 14 0
3 355 47304 3 2 14 0
3 356 47360 3 2 14 0
3 357 47354 3 2 14 0
3 358 47343 3 2 14 0
3 359 47336 3 2 14 0
3 360 47337 3 2 14 0
3 361 47326 3 2 14 0
3 362 47349 3 2 14 0
3 363 47287 3 2 14 0
3 364 47270 3 2 14 0
3 365 47275 3 2 14 0
3 366 47259 3 2 14 0
3 367 47237 3 2 14 0
3 368 47240 3 2 14 0
3 369 47257 3 2 14 0
3 370 47277 3 2 14 0
3 371 47252 3 2 14 0
3 372 47265 3 2 14 0
3 373 47286 3 2 14 0
3 374 47291 3 2 14 0
3 375 47293 3 2 14 0
3 376 47321 3 2 14 0
3 377 47296 3 2 14 0
3 378 47298 3 2 14 0
3 379 47324 3 2 14 0
3 380 47310 3 2 14 0
3 381 47272 3 2 14 0
3 382 47304 3 2 14 0
3 383 47302 3 2 14 0
3 384 47327 3 2 14 0
3 385 47325 3 2 14 0
3 386 47354 3 2 14 0
3 387 47198 3 2 14 0
3 388 47076 3 2 14 0
3 389 47220 3 2 14 0
3 390 47289 3 2 14 0
3 391 47254 3 2 14 0
3 392 47303 3 2 14 0
3 393 47292 3 2 14 0
3 394 47313 3 2 14 0
3 395 47301 3 2 14 0
3 396 47277 3 2 14 0
3 397 47301 3 2 14 0
3 398 47308 3 2 14 0
3 399 47328 3 2 14 0
3 400 47340 3 2 14 0
3 401 47339 3 2 14 0
3 402 47309 3 2 14 0
3 403 47302 3 2 14 0
3 404 47299 3 2 14 0
3 405 47311 3 2 14 0
3 406 47305 3 2 14 0
3 407 47323 3 2 14 0
3 408 47339 3 2 14 0
3 409 47313 3 2 14 0
3 410 47327 3 2 14 0
3 411 47321 3 2 14 0
3 412 47304 3 2 14 0
3 413 47310 3 2 14 0
3 414 47300 3 2 14 0
3 415 47307 3 2 14 0
3 416 47300 3 2 14 0
3 417 47301 3 2 14 0
3 418 47306 3 2 14 0
3 419 47277 3 2 14 0
3 420 47305 3 2 14 0
3 421 47313 3 2 14 0
3 422 47290 3 2 14 0
3 423 47331 3 2 14 0
3 424 47316 3 2 14 0
3 425 47313 3 2 14 0
3 426 47318 3 2 14 0
3 427 47315 3 2 14 0
3 428 47290 3 2 14 0
3 429 47304 3 2 14 0
3 430 47329 3 2 14 0
3 431 47355 3 2 14 0
3 432 47350 3 2 14 0
3 433 47342 3 2 14 0
3 434 47346 3 2 14 0
3 435 47326 3 2 14 0
3 436 47330 3 2 14 0
3 437 47317 3 2 14 0
3 438 47258 3 2 14 0
3 439 47300 3 2 14 0
3 440 47329 3 2 14 0
3 441 47338 3 2 14 0
3 442 47345 3 2 14 0
3 443 47337 3 2 14 0
3 444 47332 3 2 14 0
3 445 47301 3 2 14 0
3 446 47314 3 2 14 0
3 447 47322 3 2 14 0
3 448 47297 3 2 14 0
3 449 47324 3 2 14 0
3 450 47349 3 2 14 0
3 451 47344 3 2 14 0
3 452 47381 3 2 14 0
3 453 47386 3 2 14 0
3 454 47375 3 2 14 0
3 455 47382 3 2 14 0
3 456 47359 3 2 14 0
3 457 47353 3 2 14 0
3 458 47366 3 2 14 0
3 459 47366 3 2 14 0
3 460 47353 3 2 14 0
3 461 47361 3 2 14 0
3 462 47381 3 2 14 0
3 463 47386 3 2 14 0
3 464 47375 3 2 14 0
3 465 47374 3 2 14 0
3 466 47411 3 2 14 0
3 467 47396 3 2 14 0
3 468 47397 3 2 14 0
3 469 47393 3 2 14 0
3 470 47409 3 2 14 0
3 471 47392 3 2 14 0
3 472 47382 3 2 14 0
3 473 47409 3 2 14 0
3 474 47390 3 2 14 0
3 475 47376 3 2 14 0
3 476 47395 3 2 14 0
3 477 47374 3 2 14 0
3 478 47379 3 2 14 0
3 479 47395 3 2 14 0
3 480 47378 3 2 14 0
3 481 47365 3 2 14 0
3 482 47344 3 2 14 0
3 483 47370 3 2 14 0
3 484 47393 3 2 14 0

4 485 13284 1 2 14 0
4 486 71001 4 3 14 0
4 487 48044 3 2 14 0
4 488 47453 3 2 14 0
4 489 47473 3 2 14 0
4 490 47467 3 2 14 0
4 491 47491 3 2 14 0
4 492 47518 3 2 14 0
4 493 47502 3 2 14 0
4 494 47525 3 2 14 0
4 495 47509 3 2 14 0
4 496 47502 3 2 14 0
4 497 47510 3 2 14 0
4 498 47512 3 2 14 0
4 499 47489 3 2 14 0
4 500 47457 3 2 14 0
4 501 47475 3 2 14 0
4 502 47458 3 2 14 0
4 503 47471 3 2 14 0
4 504 47472 3 2 14 0
4 505 47501 3 2 14 0
4 506 47501 3 2 14 0
4 507 47499 3 2 14 0
4 508 47506 3 2 14 0
4 509 47504 3 2 14 0
4 510 47524 3 2 14 0
4 511 47490 3 2 14 0
4 512 47500 3 2 14 0
4 513 47518 3 2 14 0
4 514 47508 3 2 14 0
4 515 47510 3 2 14 0
4 516 47524 3 2 14 0
4 517 47509 3 2 14 0
4 518 47524 3 2 14 0
4 519 47518 3 2 14 0
4 520 47522 3 2 14 0
4 521 47543 3 2 14 0
4 522 47495 3 2 14 0
4 523 47473 3 2 14 0
4 524 47481 3 2 14 0
4 525 47485 3 2 14 0
4 526 47485 3 2 14 0
4 527 47470 3 2 14 0
4 528 47482 3 2 14 0
4 529 47482 3 2 14 0
4 530 47427 3 2 14 0
4 531 47445 3 2 14 0
4 532 47435 3 2 14 0
4 533 47450 3 2 14 0
4 534 47463 3 2 14 0
4 535 47473 3 2 14 0
4 536 47485 3 2 14 0
4 537 47500 3 2 14 0
4 538 47499 3 2 14 0
4 539 47484 3 2 14 0
4 540 47473 3 2 14 0
4 541 47460 3 2 14 0
4 542 47470 3 2 14 0
4 543 47462 3 2 14 0
4 544 47474 3 2 14 0
4 545 47468 3 2 14 0
4 546 47466 3 2 14 0
4 547 47462 3 2 14 0
4 548 47477 3 2 14 0
4 549 47463 3 2 14 0
4 550 47474 3 2 14 0
4 551 47473 3 2 14 0
4 552 47471 3 2 14 0
4 553 47478 3 2 14 0
4 554 47471 3 2 14 0
4 555 47465 3 2 14 0
4 556 47469 3 2 14 0
4 557 47433 3 2 14 0
4 558 47438 3 2 14 0
4 559 47447 3 2 14 0
4 560 47459 3 2 14 0
4 561 47426 3 2 14 0
4 562 47433 3 2 14 0
4 563 47450 3 2 14 0
4 564 47453 3 2 14 0
4 565 47433 3 2 14 0
4 566 47438 3 2 14 0
4 567 47455 3 2 14 0
4 568 47456 3 2 14 0
4 569 47461 3 2 14 0
4 570 47461 3 2 14 0
4 571 47462 3 2 14 0
4 572 47446 3 2 14 0
4 573 47445 3 2 14 0
4 574 47440 3 2 14 0
4 575 47431 3 2 14 0
4 576 47443 3 2 14 0
4 577 47460 3 2 14 0
4 578 47467 3 2 14 0
4 579 47464 3 2 14 0
4 580 47466 3 2 14 0
4 581 47495 3 2 14 0
4 582 47495 3 2 14 0
4 583 47492 3 2 14 0
4 584 47496 3 2 14 0
4 585 47507 3 2 14 0
4 586 47483 3 2 14 0
4 587 47502 3 2 14 0
4 588 47471 3 2 14 0
4 589 47469 3 2 14 0
4 590 47471 3 2 14 0
4 591 47480 3 2 14 0
4 592 47476 3 2 14 0
4 593 47457 3 2 14 0
4 594 47469 3 2 14 0
4 595 47458 3 2 14 0
4 596 47453 3 2 14 0
4 597 47477 3 2 14 0
4 598 47483 3 2 14 0
4 599 47490 3 2 14 0
4 600 47493 3 2 14 0
4 601 47475 3 2 14 0
4 602 47486 3 2 14 0
4 603 47484 3 2 14 0
4 604 47444 3 2 14 0
4 605 47442 3 2 14 0
4 606 47439 3 2 14 0
4 607 47459 3 2 14 0
4 608 47444 3 2 14 0
4 609 47467 3 2 14 0
4 610 47485 3 2 14 0
4 611 47473 3 2 14 0
4 612 47456 3 2 14 0
4 613 47462 3 2 14 0
4 614 47426 3 2 14 0
4 615 47465 3 2 14 0
4 616 47465 3 2 14 0
4 617 47466 3 2 14 0
4 618 47475 3 2 14 0
4 619 47483 3 2 14 0
4 620 47468 3 2 14 0
4 621 47480 3 2 14 0
4 622 47474 3 2 14 0
4 623 47484 3 2 14 0
4 624 47479 3 2 14 0
4 625 47475 3 2 14 0
4 626 47476 3 2 14 0
4 627 47499 3 2 14 0
4 628 47513 3 2 14 0
4 629 47507 3 2 14 0
4 630 47495 3 2 14 0
4 631 47537 3 2 14 0
4 632 47513 3 2 14 0
4 633 47492 3 2 14 0
4 634 47498 3 2 14 0
4 635 47470 3 2 14 0
4 636 47480 3 2 14 0
4 637 47476 3 2 14 0
4 638 47471 3 2 14 0
4 639 47471 3 2 14 0
4 640 47474 3 2 14 0
4 641 47489 3 2 14 0
4 642 47493 3 2 14 0
4 643 47494 3 2 14 0
4 644 47484 3 2 14 0
4 645 47507 3 2 14 0
4 646 47522 3 2 14 0
4 647 47483 3 2 14 0
4 648 47488 3 2 14 0
4 649 47497 3 2 14 0
4 650 47515 3 2 14 0
4 651 47500 3 2 14 0

5 652 10349 1 2 14 0
5 653 60749 4 3 14 0
5 654 48405 3 2 14 0
5 655 47491 3 2 14 0
5 656 47520 3 2 14 0
5 657 47506 3 2 14 0
5 658 47526 3 2 14 0
5 659 47507 3 2 14 0
5 660 47530 3 2 14 0
5 661 47551 3 2 14 0
5 662 47553 3 2 14 0
5 663 47570 3 2 14 0
5 664 47561 3 2 14 0
5 665 47565 3 2 14 0
5 666 47519 3 2 14 0
5 667 47533 3 2 14 0
5 668 47538 3 2 14 0
5 669 47537 3 2 14 0
5 670 47533 3 2 14 0
5 671 47503 3 2 14 0
5 672 47518 3 2 14 0
5 673 47544 3 2 14 0
5 674 47538 3 2 14 0
5 675 47521 3 2 14 0
5 676 47520 3 2 14 0
5 677 47528 3 2 14 0
5 678 47543 3 2 14 0
5 679 47543 3 2 14 0
5 680 47545 3 2 14 0
5 681 47547 3 2 14 0
5 682 47537 3 2 14 0
5 683 47575 3 2 14 0
5 684 47574 3 2 14 0
5 685 47578 3 2 14 0
5 686 47563 3 2 14 0
5 687 47559 3 2 14 0
5 688 47529 3 2 14 0
5 689 47559 3 2 14 0
5 690 47542 3 2 14 0
5 691 47537 3 2 14 0
5 692 47539 3 2 14 0
5 693 47554 3 2 14 0
5 694 47575 3 2 14 0
5 695 47570 3 2 14 0
5 696 47562 3 2 14 0
5 697 47570 3 2 14 0
5 698 47562 3 2 14 0
5 699 47568 3 2 14 0
5 700 47551 3 2 14 0
5 701 47549 3 2 14 0
5 702 47571 3 2 14 0
5 703 47561 3 2 14 0
5 704 47552 3 2 14 0
5 705 47564 3 2 14 0
5 706 47507 3 2 14 0
5 707 47548 3 2 14 0
5 708 47545 3 2 14 0
5 709 47551 3 2 14 0
5 710 47558 3 2 14 0
5 711 47550 3 2 14 0
5 712 47546 3 2 14 0
5 713 47548 3 2 14 0
5 714 47565 3 2 14 0
5 715 47558 3 2 14 0
5 716 47567 3 2 14 0
5 717 47554 3 2 14 0
5 718 47574 3 2 14 0
5 719 47539 3 2 14 0
5 720 47548 3 2 14 0
5 721 47548 3 2 14 0
5 722 47524 3 2 14 0
5 723 47544 3 2 14 0
5 724 47540 3 2 14 0
5 725 47562 3 2 14 0
5 726 47550 3 2 14 0
5 727 47553 3 2 14 0
5 728 47558 3 2 14 0
5 729 47543 3 2 14 0
5 730 47569 3 2 14 0
5 731 47576 3 2 14 0
5 732 47581 3 2 14 0
5 733 47577 3 2 14 0
5 734 47580 3 2 14 0
5 735 47556 3 2 14 0
5 736 47553 3 2 14 0
5 737 47544 3 2 14 0
5 738 47550 3 2 14 0
5 739 47540 3 2 14 0
5 740 47524 3 2 14 0
5 741 47550 3 2 14 0
5 742 47542 3 2 14 0
5 743 47535 3 2 14 0
5 744 47539 3 2 14 0
5 745 47548 3 2 14 0
5 746 47571 3 2 14 0
5 747 47561 3 2 14 0
5 748 47551 3 2 14 0
5 749 47558 3 2 14 0
5 750 47554 3 2 14 0
5 751 47549 3 2 14 0
5 752 47556 3 2 14 0
5 753 47549 3 2 14 0
5 754 47551 3 2 14 0
5 755 47535 3 2 14 0
5 756 47537 3 2 14 0
5 757 47552 3 2 14 0
5 758 47524 3 2 14 0
5 759 47519 3 2 14 0
5 760 47538 3 2 14 0
5 761 47552 3 2 14 0
5 762 47566 3 2 14 0
5 763 47557 3 2 14 0
5 764 47541 3 2 14 0
5 765 47584 3 2 14 0
5 766 47574 3 2 14 0
5 767 47561 3 2 14 0
5 768 47578 3 2 14 0
5 769 47557 3 2 14 0
5 770 47547 3 2 14 0
5 771 47549 3 2 14 0
5 772 47552 3 2 14 0
5 773 47550 3 2 14 0
5 774 47562 3 2 14 0
5 775 47559 3 2 14 0
5 776 47564 3 2 14 0
5 777 47572 3 2 14 0
5 778 47601 3 2 14 0
5 779 47585 3 2 14 0
5 780 47570 3 2 14 0
5 781 47589 3 2 14 0
5 782 47554 3 2 14 0
5 783 47570 3 2 14 0
5 784 47562 3 2 14 0
5 785 47558 3 2 14 0
5 786 47551 3 2 14 0
5 787 47484 3 2 14 0
5 788 47550 3 2 14 0
5 789 47552 3 2 14 0
5 790 47544 3 2 14 0
5 791 47549 3 2 14 0
5 792 47548 3 2 14 0
5 793 47555 3 2 14 0
5 794 47562 3 2 14 0
5 795 47559 3 2 14 0
5 796 47559 3 2 14 0
5 797 47567 3 2 14 0
5 798 47565 3 2 14 0
5 799 47576 3 2 14 0
5 800 47572 3 2 14 0
5 801 47564 3 2 14 0
5 802 47570 3 2 14 0
5 803 47556 3 2 14 0
5 804 47562 3 2 14 0
5 805 47549 3 2 14 0
5 806 47549 3 2 14 0
5 807 47556 3 2 14 0
5 808 47561 3 2 14 0
5 809 47558 3 2 14 0
5 810 47502 3 2 14 0
5 811 47484 3 2 14 0
5 812 47511 3 2 14 0
5 813 47553 3 2 14 0
5 814 47558 3 2 14 0
5 815 47577 3 2 14 0
5 816 47589 3 2 14 0
5 817 47550 3 2 14 0
5 818 47537 3 2 14 0

6 819 16049 1 2 14 0
6 820 71412 4 3 14 0
6 821 48957 3 2 14 0
6 822 47439 3 2 14 0
6 823 47495 3 2 14 0
6 824 47477 3 2 14 0
6 825 47523 3 2 14 0
6 826 47557 3 2 14 0
6 827 47567 3 2 14 0
6 828 47602 3 2 14 0
6 829 47592 3 2 14 0
6 830 47585 3 2 14 0
6 831 47573 3 2 14 0
6 832 47589 3 2 14 0
6 833 47590 3 2 14 0
6 834 47604 3 2 14 0
6 835 47542 3 2 14 0
6 836 47512 3 2 14 0
6 837 47492 3 2 14 0
6 838 47513 3 2 14 0
6 839 47533 3 2 14 0
6 840 47542 3 2 14 0
6 841 47552 3 2 14 0
6 842 47561 3 2 14 0
6 843 47575 3 2 14 0
6 844 47541 3 2 14 0
6 845 47528 3 2 14 0
6 846 47399 3 2 14 0
6 847 47245 3 2 14 0
6 848 47335 3 2 14 0
6 849 47347 3 2 14 0
6 850 47551 3 2 14 0
6 851 47551 3 2 14 0
6 852 47537 3 2 14 0
6 853 47521 3 2 14 0
6 854 47529 3 2 14 0
6 855 47532 3 2 14 0
6 856 47558 3 2 14 0
6 857 47588 3 2 14 0
6 858 47557 3 2 14 0
6 859 47554 3 2 14 0
6 860 47532 3 2 14 0
6 861 47533 3 2 14 0
6 862 47492 3 2 14 0
6 863 47494 3 2 14 0
6 864 47510 3 2 14 0
6 865 47497 3 2 14 0
6 866 47516 3 2 14 0
6 867 47540 3 2 14 0
6 868 47531 3 2 14 0
6 869 47504 3 2 14 0
6 870 47526 3 2 14 0
6 871 47536 3 2 14 0
6 872 47519 3 2 14 0
6 873 47538 3 2 14 0
6 874 47452 3 2 14 0
6 875 47501 3 2 14 0
6 876 47444 3 2 14 0
6 877 47501 3 2 14 0
6 878 47564 3 2 14 0
6 879 47557 3 2 14 0
6 880 47558 3 2 14 0
6 881 47544 3 2 14 0
6 882 47569 3 2 14 0
6 883 47564 3 2 14 0
6 884 47553 3 2 14 0
6 885 47544 3 2 14 0
6 886 47557 3 2 14 0
6 887 47535 3 2 14 0
6 888 47338 3 2 14 0
6 889 47457 3 2 14 0
6 890 47447 3 2 14 0
6 891 47471 3 2 14 0
6 892 47520 3 2 14 0
6 893 47523 3 2 14 0
6 894 47512 3 2 14 0
6 895 47511 3 2 14 0
6 896 47517 3 2 14 0
6 897 47492 3 2 14 0
6 898 47474 3 2 14 0
6 899 47479 3 2 14 0
6 900 47474 3 2 14 0
6 901 47489 3 2 14 0
6 902 47507 3 2 14 0
6 903 47547 3 2 14 0
6 904 47557 3 2 14 0
6 905 47541 3 2 14 0
6 906 47559 3 2 14 0
6 907 47551 3 2 14 0
6 908 47534 3 2 14 0
6 909 47541 3 2 14 0
6 910 47540 3 2 14 0
6 911 47548 3 2 14 0
6 912 47539 3 2 14 0
6 913 47542 3 2 14 0
6 914 47549 3 2 14 0
6 915 47529 3 2 14 0
6 916 47526 3 2 14 0
6 917 47516 3 2 14 0
6 918 47518 3 2 14 0
6 919 47507 3 2 14 0
6 920 47524 3 2 14 0
6 921 47535 3 2 14 0
6 922 47526 3 2 14 0
6 923 47568 3 2 14 0
6 924 47570 3 2 14 0
6 925 47585 3 2 14 0
6 926 47554 3 2 14 0
6 927 47568 3 2 14 0
6 928 47522 3 2 14 0
6 929 47518 3 2 14 0
6 930 47533 3 2 14 0
6 931 47522 3 2 14 0
6 932 47530 3 2 14 0
6 933 47534 3 2 14 0
6 934 47492 3 2 14 0
6 935 47494 3 2 14 0
6 936 47483 3 2 14 0
6 937 47477 3 2 14 0
6 938 47475 3 2 14 0
6 939 47527 3 2 14 0
6 940 47531 3 2 14 0
6 941 47540 3 2 14 0
6 942 47541 3 2 14 0
6 943 47542 3 2 14 0
6 944 47531 3 2 14 0
6 945 47517 3 2 14 0
6 946 47523 3 2 14 0
6 947 47522 3 2 14 0
6 948 47528 3 2 14 0
6 949 47541 3 2 14 0
6 950 47553 3 2 14 0
6 951 47549 3 2 14 0
6 952 47532 3 2 14 0
6 953 47554 3 2 14 0
6 954 47490 3 2 14 0
6 955 47520 3 2 14 0
6 956 47524 3 2 14 0
6 957 47533 3 2 14 0
6 958 47528 3 2 14 0
6 959 47516 3 2 14 0
6 960 47534 3 2 14 0
6 961 47543 3 2 14 0
6 962 47530 3 2 14 0
6 963 47534 3 2 14 0
6 964 47532 3 2 14 0
6 965 47532 3 2 14 0
6 966 47522 3 2 14 0
6 967 47517 3 2 14 0
6 968 47509 3 2 14 0
6 969 47508 3 2 14 0
6 970 47520 3 2 14 0
6 971 47544 3 2 14 0
6 972 47540 3 2 14 0
6 973 47512 3 2 14 0
6 974 47516 3 2 14 0
6 975 47514 3 2 14 0
6 976 47532 3 2 14 0
6 977 47526 3 2 14 0
6 978 47540 3 2 14 0
6 979 47575 3 2 14 0
6 980 47575 3 2 14 0
6 981 47598 3 2 14 0
6 982 47594 3 2 14 0
6 983 47586 3 2 14 0
6 984 44625 3 2 14 0
6 985 23771 2 2 14 0
6 986 23780 2 3 14 0

7 987 21624 2 4 14 0
7 988 94905 6 4 14 0
7 989 71387 4 3 14 0
7 990 47959 3 2 14 0
7 991 47551 3 2 14 0
7 992 47540 3 2 14 0
7 993 47543 3 2 14 0
7 994 47515 3 2 14 0
7 995 47549 3 2 14 0
7 996 47563 3 2 14 0
7 997 47563 3 2 14 0
7 998 47577 3 2 14 0
7 999 47581 3 2 14 0
7 1000 47597 3 2 14 0
7 1001 47660 3 2 14 0
7 1002 47638 3 2 14 0
7 1003 47614 3 2 14 0
7 1004 47619 3 2 14 0
7 1005 47629 3 2 14 0
7 1006 47595 3 2 14 0
7 1007 47593 3 2 14 0
7 1008 47599 3 2 14 0
7 1009 47614 3 2 14 0
7 1010 47623 3 2 14 0
7 1011 47634 3 2 14 0
7 1012 47621 3 2 14 0
7 1013 47632 3 2 14 0
7 1014 47632 3 2 14 0
7 1015 47634 3 2 14 0
7 1016 47620 3 2 14 0
7 1017 47635 3 2 14 0
7 1018 47633 3 2 14 0
7 1019 47656 3 2 14 0
7 1020 47658 3 2 14 0
7 1021 47639 3 2 14 0
7 1022 47631 3 2 14 0
7 1023 47635 3 2 14 0
7 1024 47621 3 2 14 0
7 1025 47625 3 2 14 0
7 1026 47617 3 2 14 0
7 1027 47628 3 2 14 0
7 1028 47625 3 2 14 0
7 1029 47611 3 2 14 0
7 1030 47633 3 2 14 0
7 1031 47606 3 2 14 0
7 1032 47650 3 2 14 0
7 1033 47643 3 2 14 0
7 1034 47644 3 2 14 0
7 1035 47654 3 2 14 0
7 1036 47660 3 2 14 0
7 1037 47632 3 2 14 0
7 1038 47631 3 2 14 0
7 1039 47633 3 2 14 0
7 1040 47597 3 2 14 0
7 1041 47615 3 2 14 0
7 1042 47627 3 2 14 0
7 1043 47632 3 2 14 0
7 1044 47630 3 2 14 0
7 1045 47623 3 2 14 0
7 1046 47614 3 2 14 0
7 1047 47613 3 2 14 0
7 1048 47634 3 2 14 0
7 1049 47622 3 2 14 0
7 1050 47640 3 2 14 0
7 1051 47621 3 2 14 0
7 1052 47634 3 2 14 0
7 1053 47610 3 2 14 0
7 1054 47619 3 2 14 0
7 1055 47607 3 2 14 0
7 1056 47629 3 2 14 0
7 1057 47622 3 2 14 0
7 1058 47622 3 2 14 0
7 1059 47619 3 2 14 0
7 1060 47660 3 2 14 0
7 1061 47666 3 2 14 0
7 1062 47647 3 2 14 0
7 1063 47646 3 2 14 0
7 1064 47657 3 2 14 0
7 1065 47656 3 2 14 0
7 1066 47669 3 2 14 0
7 1067 47650 3 2 14 0
7 1068 47641 3 2 14 0
7 1069 47643 3 2 14 0
7 1070 47623 3 2 14 0
7 1071 47630 3 2 14 0
7 1072 47617 3 2 14 0
7 1073 47617 3 2 14 0
7 1074 47627 3 2 14 0
7 1075 47598 3 2 14 0
7 1076 47628 3 2 14 0
7 1077 47647 3 2 14 0
7 1078 47632 3 2 14 0
7 1079 47627 3 2 14 0
7 1080 47615 3 2 14 0
7 1081 47625 3 2 14 0
7 1082 47647 3 2 14 0
7 1083 47637 3 2 14 0
7 1084 47636 3 2 14 0
7 1085 47642 3 2 14 0
7 1086 47652 3 2 14 0
7 1087 47653 3 2 14 0
7 1088 47641 3 2 14 0
7 1089 47654 3 2 14 0
7 1090 47637 3 2 14 0
7 1091 47647 3 2 14 0
7 1092 47651 3 2 14 0
7 1093 47641 3 2 14 0
7 1094 47654 3 2 14 0
7 1095 47659 3 2 14 0
7 1096 47651 3 2 14 0
7 1097 47641 3 2 14 0
7 1098 47649 3 2 14 0
7 1099 47660 3 2 14 0
7 1100 47653 3 2 14 0
7 1101 47646 3 2 14 0
7 1102 47665 3 2 14 0
7 1103 47668 3 2 14 0
7 1104 47655 3 2 14 0
7 1105 47668 3 2 14 0
7 1106 47662 3 2 14 0
7 1107 47679 3 2 14 0
7 1108 47682 3 2 14 0
7 1109 47637 3 2 14 0
7 1110 47630 3 2 14 0
7 1111 47633 3 2 14 0
7 1112 47631 3 2 14 0
7 1113 47628 3 2 14 0
7 1114 47635 3 2 14 0
7 1115 47649 3 2 14 0
7 1116 47652 3 2 14 0
7 1117 47650 3 2 14 0
7 1118 47668 3 2 14 0
7 1119 47666 3 2 14 0
7 1120 47661 3 2 14 0
7 1121 47617 3 2 14 0
7 1122 47637 3 2 14 0
7 1123 47646 3 2 14 0
7 1124 47643 3 2 14 0
7 1125 47638 3 2 14 0
7 1126 47650 3 2 14 0
7 1127 47634 3 2 14 0
7 1128 47642 3 2 14 0
7 1129 47664 3 2 14 0
7 1130 47629 3 2 14 0
7 1131 47638 3 2 14 0
7 1132 47640 3 2 14 0
7 1133 47644 3 2 14 0
7 1134 47641 3 2 14 0
7 1135 47649 3 2 14 0
7 1136 47650 3 2 14 0
7 1137 47660 3 2 14 0
7 1138 47650 3 2 14 0
7 1139 47644 3 2 14 0
7 1140 47675 3 2 14 0
7 1141 47667 3 2 14 0
7 1142 47674 3 2 14 0
7 1143 47682 3 2 14 0
7 1144 47659 3 2 14 0
7 1145 47658 3 2 14 0
7 1146 47654 3 2 14 0
7 1147 47654 3 2 14 0
7 1148 47654 3 2 14 0
7 1149 38767 3 2 14 0
7 1150 23817 2 2 14 0
7 1151 22762 2 3 13 0
7 1152 22735 2 4 12 0
7 1153 20719 2 4 11 0
7 1154 19564 2 4 10 0

8 1155 28212 2 4 9 0
8 1156 67737 4 4 8 0
8 1157 52862 3 3 8 0
8 1158 57445 4 3 9 0
8 1159 40649 3 2 9 0
8 1160 38841 3 2 10 0
8 1161 40984 3 2 11 0
8 1162 45240 3 2 12 0
8 1163 45310 3 2 13 0
8 1164 47418 3 2 14 0
8 1165 47465 3 2 14 0
8 1166 47473 3 2 14 0
8 1167 47484 3 2 14 0
8 1168 47488 3 2 14 0
8 1169 47499 3 2 14 0
8 1170 47531 3 2 14 0
8 1171 47516 3 2 14 0
8 1172 47537 3 2 14 0
8 1173 47551 3 2 14 0
8 1174 47543 3 2 14 0
8 1175 47499 3 2 14 0
8 1176 47523 3 2 14 0
8 1177 47508 3 2 14 0
8 1178 47511 3 2 14 0
8 1179 47493 3 2 14 0
8 1180 47540 3 2 14 0
8 1181 47545 3 2 14 0
8 1182 47535 3 2 14 0
8 1183 47504 3 2 14 0
8 1184 47519 3 2 14 0
8 1185 47512 3 2 14 0
8 1186 47544 3 2 14 0
8 1187 47483 3 2 14 0
8 1188 47528 3 2 14 0
8 1189 47491 3 2 14 0
8 1190 47501 3 2 14 0
8 1191 47513 3 2 14 0
8 1192 47501 3 2 14 0
8 1193 47481 3 2 14 0
8 1194 47514 3 2 14 0
8 1195 47511 3 2 14 0
8 1196 47522 3 2 14 0
8 1197 47529 3 2 14 0
8 1198 47496 3 2 14 0
8 1199 47446 3 2 14 0
8 1200 47458 3 2 14 0
8 1201 47508 3 2 14 0
8 1202 47543 3 2 14 0
8 1203 47540 3 2 14 0
8 1204 47558 3 2 14 0
8 1205 47543 3 2 14 0
8 1206 47535 3 2 14 0
8 1207 47537 3 2 14 0
8 1208 47539 3 2 14 0
8 1209 47521 3 2 14 0
8 1210 47529 3 2 14 0
8 1211 47517 3 2 14 0
8 1212 47524 3 2 14 0
8 1213 47517 3 2 14 0
8 1214 47529 3 2 14 0
8 1215 47532 3 2 14 0
8 1216 47516 3 2 14 0
8 1217 47543 3 2 14 0
8 1218 47541 3 2 14 0
8 1219 47536 3 2 14 0
8 1220 47557 3 2 14 0
8 1221 47537 3 2 14 0
8 1222 47517 3 2 14 0
8 1223 47517 3 2 14 0
8 1224 47497 3 2 14 0
8 1225 47511 3 2 14 0
8 1226 47495 3 2 14 0
8 1227 47513 3 2 14 0
8 1228 47510 3 2 14 0
8 1229 47512 3 2 14 0
8 1230 47541 3 2 14 0
8 1231 47545 3 2 14 0
8 1232 47501 3 2 14 0
8 1233 47519 3 2 14 0
8 1234 47500 3 2 14 0
8 1235 47485 3 2 14 0
8 1236 47516 3 2 14 0
8 1237 47510 3 2 14 0
8 1238 47504 3 2 14 0
8 1239 47516 3 2 14 0
8 1240 38407 3 2 14 0
8 1241 47539 3 2 14 0
8 1242 47559 3 2 14 0
8 1243 47518 3 2 14 0
8 1244 47507 3 2 14 0
8 1245 47495 3 2 14 0
8 1246 47513 3 2 14 0
8 1247 47509 3 2 14 0
8 1248 47543 3 2 14 0
8 1249 47566 3 2 14 0
8 1250 47576 3 2 14 0
8 1251 47528 3 2 14 0
8 1252 47517 3 2 14 0
8 1253 47501 3 2 14 0
8 1254 47489 3 2 14 0
8 1255 47484 3 2 14 0
8 1256 47505 3 2 14 0
8 1257 47503 3 2 14 0
8 1258 47505 3 2 14 0
8 1259 47508 3 2 14 0
8 1260 47507 3 2 14 0
8 1261 47499 3 2 14 0
8 1262 47534 3 2 14 0
8 1263 47568 3 2 14 0
8 1264 47559 3 2 14 0
8 1265 47572 3 2 14 0
8 1266 47570 3 2 14 0
8 1267 47530 3 2 14 0
8 1268 47530 3 2 14 0
8 1269 47508 3 2 14 0
8 1270 47522 3 2 14 0
8 1271 47535 3 2 14 0
8 1272 47552 3 2 14 0
8 1273 47568 3 2 14 0
8 1274 47570 3 2 14 0
8 1275 47565 3 2 14 0
8 1276 47518 3 2 14 0
8 1277 47524 3 2 14 0
8 1278 47546 3 2 14 0
8 1279 47526 3 2 14 0
8 1280 47533 3 2 14 0
8 1281 47535 3 2 14 0
8 1282 47515 3 2 14 0
8 1283 47503 3 2 14 0
8 1284 47507 3 2 14 0
8 1285 47517 3 2 14 0
8 1286 47521 3 2 14 0
8 1287 47516 3 2 14 0
8 1288 47530 3 2 14 0
8 1289 47508 3 2 14 0
8 1290 47489 3 2 14 0
8 1291 47520 3 2 14 0
8 1292 47531 3 2 14 0
8 1293 47526 3 2 14 0
8 1294 47523 3 2 14 0
8 1295 47532 3 2 14 0
8 1296 47536 3 2 14 0
8 1297 47510 3 2 14 0
8 1298 47505 3 2 14 0
8 1299 47497 3 2 14 0
8 1300 47518 3 2 14 0
8 1301 47506 3 2 14 0
8 1302 47481 3 2 14 0
8 1303 47496 3 2 14 0
8 1304 47510 3 2 14 0
8 1305 47536 3 2 14 0
8 1306 47519 3 2 14 0
8 1307 47518 3 2 14 0
8 1308 47550 3 2 14 0
8 1309 47571 3 2 14 0
8 1310 47550 3 2 14 0
8 1311 47500 3 2 14 0
8 1312 47538 3 2 14 0
8 1313 47547 3 2 14 0
8 1314 47545 3 2 14 0
8 1315 44075 3 2 14 0
8 1316 23784 2 2 14 0
8 1317 22788 2 3 13 0
8 1318 22675 2 4 12 0
8 1319 20522 2 4 11 0
8 1320 19446 2 4 10 0
8 1321 19449 2 4 9 0
8 1322 17335 1 4 8 0
8 1323 19404 2 4 9 0
8 1324 19439 2 4 9 0
8 1325 19455 2 4 9 0
8 1326 19444 2 4 9 0
8 1327 19447 2 4 9 0
8 1328 19449 2 4 9 0
8 1329 19448 2 4 9 0

9 1330 8056 1 4 10 0
9 1331 81738 5 4 11 0
9 1332 59995 4 3 10 0
9 1333 40488 3 2 10 0
9 1334 40848 3 2 11 0
9 1335 45354 3 2 12 0
9 1336 45364 3 2 13 0
9 1337 47521 3 2 14 0
9 1338 47560 3 2 14 0
9 1339 47570 3 2 14 0
9 1340 47564 3 2 14 0
9 1341 47558 3 2 14 0
9 1342 47578 3 2 14 0
9 1343 47546 3 2 14 0
9 1344 47562 3 2 14 0
9 1345 47596 3 2 14 0
9 1346 47583 3 2 14 0
9 1347 47573 3 2 14 0
9 1348 47566 3 2 14 0
9 1349 47567 3 2 14 0
9 1350 47577 3 2 14 0
9 1351 47576 3 2 14 0
9 1352 47567 3 2 14 0
9 1353 47571 3 2 14 0
9 1354 47567 3 2 14 0
9 1355 47567 3 2 14 0
9 1356 47565 3 2 14 0
9 1357 47563 3 2 14 0
9 1358 47576 3 2 14 0
9 1359 47534 3 2 14 0
9 1360 47542 3 2 14 0
9 1361 47541 3 2 14 0
9 1362 47550 3 2 14 0
9 1363 47552 3 2 14 0
9 1364 47539 3 2 14 0
9 1365 47545 3 2 14 0
9 1366 47550 3 2 14 0
9 1367 47550 3 2 14 0
9 1368 47562 3 2 14 0
9 1369 47562 3 2 14 0
9 1370 47575 3 2 14 0
9 1371 47579 3 2 14 0
9 1372 47591 3 2 14 0
9 1373 47585 3 2 14 0
9 1374 47561 3 2 14 0
9 1375 47556 3 2 14 0
9 1376 47570 3 2 14 0
9 1377 47556 3 2 14 0
9 1378 47561 3 2 14 0
9 1379 47567 3 2 14 0
9 1380 47562 3 2 14 0
9 1381 47574 3 2 14 0
9 1382 47553 3 2 14 0
9 1383 47562 3 2 14 0
9 1384 47538 3 2 14 0
9 1385 47544 3 2 14 0
9 1386 47582 3 2 14 0
9 1387 47587 3 2 14 0
9 1388 47567 3 2 14 0
9 1389 47544 3 2 14 0
9 1390 47526 3 2 14 0
9 1391 47528 3 2 14 0
9 1392 47540 3 2 14 0
9 1393 47543 3 2 14 0
9 1394 47559 3 2 14 0
9 1395 47545 3 2 14 0
9 1396 47524 3 2 14 0
9 1397 47540 3 2 14 0
9 1398 47541 3 2 14 0
9 1399 47484 3 2 14 0
9 1400 47529 3 2 14 0
9 1401 47573 3 2 14 0
9 1402 47596 3 2 14 0
9 1403 47593 3 2 14 0
9 1404 47594 3 2 14 0
9 1405 47603 3 2 14 0
9 1406 47576 3 2 14 0
9 1407 47576 3 2 14 0
9 1408 47583 3 2 14 0
9 1409 47541 3 2 14 0
9 1410 47551 3 2 14 0
9 1411 47529 3 2 14 0
9 1412 47537 3 2 14 0
9 1413 47522 3 2 14 0
9 1414 47513 3 2 14 0
9 1415 47519 3 2 14 0
9 1416 47506 3 2 14 0
9 1417 47530 3 2 14 0
9 1418 47548 3 2 14 0
9 1419 47574 3 2 14 0
9 1420 47575 3 2 14 0
9 1421 47561 3 2 14 0
9 1422 47566 3 2 14 0
9 1423 47580 3 2 14 0
9 1424 47569 3 2 14 0
9 1425 47581 3 2 14 0
9 1426 47581 3 2 14 0
9 1427 47588 3 2 14 0
9 1428 47589 3 2 14 0
9 1429 47571 3 2 14 0
9 1430 47539 3 2 14 0
9 1431 47561 3 2 14 0
9 1432 47560 3 2 14 0
9 1433 47583 3 2 14 0
9 1434 47581 3 2 14 0
9 1435 47573 3 2 14 0
9 1436 47576 3 2 14 0
9 1437 47570 3 2 14 0
9 1438 47567 3 2 14 0
9 1439 47577 3 2 14 0
9 1440 47594 3 2 14 0
9 1441 47573 3 2 14 0
9 1442 47561 3 2 14 0
9 1443 47549 3 2 14 0
9 1444 47560 3 2 14 0
9 1445 47550 3 2 14 0
9 1446 47565 3 2 14 0
9 1447 47549 3 2 14 0
9 1448 47568 3 2 14 0
9 1449 47580 3 2 14 0
9 1450 47572 3 2 14 0
9 1451 47590 3 2 14 0
9 1452 47582 3 2 14 0
9 1453 47576 3 2 14 0
9 1454 47589 3 2 14 0
9 1455 47587 3 2 14 0
9 1456 47584 3 2 14 0
9 1457 47584 3 2 14 0
9 1458 47574 3 2 14 0
9 1459 47589 3 2 14 0
9 1460 47588 3 2 14 0
9 1461 47568 3 2 14 0
9 1462 47589 3 2 14 0
9 1463 47584 3 2 14 0
9 1464 47603 3 2 14 0
9 1465 47594 3 2 14 0
9 1466 47608 3 2 14 0
9 1467 47611 3 2 14 0
9 1468 47591 3 2 14 0
9 1469 47535 3 2 14 0
9 1470 47517 3 2 14 0
9 1471 47521 3 2 14 0
9 1472 47537 3 2 14 0
9 1473 47575 3 2 14 0
9 1474 47565 3 2 14 0
9 1475 47600 3 2 14 0
9 1476 47606 3 2 14 0
9 1477 47583 3 2 14 0
9 1478 47590 3 2 14 0
9 1479 47579 3 2 14 0
9 1480 47589 3 2 14 0
9 1481 47538 3 2 14 0
9 1482 47585 3 2 14 0
9 1483 47582 3 2 14 0
9 1484 47583 3 2 14 0
9 1485 47596 3 2 14 0
9 1486 47575 3 2 14 0
9 1487 47572 3 2 14 0
9 1488 47602 3 2 14 0
9 1489 47627 3 2 14 0
9 1490 47617 3 2 14 0
9 1491 47613 3 2 14 0
9 1492 47622 3 2 14 0
9 1493 47625 3 2 14 0
9 1494 47617 3 2 14 0
9 1495 47641 3 2 14 0

10 1496 88643 5 2 14 0
10 1497 27869 2 1 13 0
10 1498 23673 2 1 14 0
10 1499 41900 3 2 14 0
10 1500 47525 3 2 14 0
10 1501 47527 3 2 14 0
10 1502 47526 3 2 14 0
10 1503 47552 3 2 14 0
10 1504 47550 3 2 14 0
10 1505 47494 3 2 14 0
10 1506 47533 3 2 14 0
10 1507 47529 3 2 14 0
10 1508 47574 3 2 14 0
10 1509 47554 3 2 14 0
10 1510 47550 3 2 14 0
10 1511 47564 3 2 14 0
10 1512 47561 3 2 14 0
10 1513 47564 3 2 14 0
10 1514 47555 3 2 14 0
10 1515 47548 3 2 14 0
10 1516 47543 3 2 14 0
10 1517 47564 3 2 14 0
10 1518 47575 3 2 14 0
10 1519 47555 3 2 14 0
10 1520 47551 3 2 14 0
10 1521 47557 3 2 14 0
10 1522 47548 3 2 14 0
10 1523 47583 3 2 14 0
10 1524 47573 3 2 14 0
10 1525 47555 3 2 14 0
10 1526 47562 3 2 14 0
10 1527 47558 3 2 14 0
10 1528 47598 3 2 14 0
10 1529 47598 3 2 14 0
10 1530 47592 3 2 14 0
10 1531 47602 3 2 14 0
10 1532 47599 3 2 14 0
10 1533 47563 3 2 14 0
10 1534 47589 3 2 14 0
10 1535 47586 3 2 14 0
10 1536 47585 3 2 14 0
10 1537 47573 3 2 14 0
10 1538 47579 3 2 14 0
10 1539 47606 3 2 14 0
10 1540 47605 3 2 14 0
10 1541 47590 3 2 14 0
10 1542 47599 3 2 14 0
10 1543 47594 3 2 14 0
10 1544 47615 3 2 14 0
10 1545 47606 3 2 14 0
10 1546 47594 3 2 14 0
10 1547 47599 3 2 14 0
10 1548 47577 3 2 14 0
10 1549 47560 3 2 14 0
10 1550 47558 3 2 14 0
10 1551 47546 3 2 14 0
10 1552 47558 3 2 14 0
10 1553 47550 3 2 14 0
10 1554 47572 3 2 14 0
10 1555 47580 3 2 14 0
10 1556 47575 3 2 14 0
10 1557 47580 3 2 14 0
10 1558 47580 3 2 14 0
10 1559 47585 3 2 14 0
10 1560 47600 3 2 14 0
10 1561 47609 3 2 14 0
10 1562 47604 3 2 14 0
10 1563 47593 3 2 14 0
10 1564 47556 3 2 14 0
10 1565 47563 3 2 14 0
10 1566 47566 3 2 14 0
10 1567 47558 3 2 14 0
10 1568 47567 3 2 14 0
10 1569 47556 3 2 14 0
10 1570 47571 3 2 14 0
10 1571 47568 3 2 14 0
10 1572 47544 3 2 14 0
10 1573 47562 3 2 14 0
10 1574 47572 3 2 14 0
10 1575 47627 3 2 14 0
10 1576 47641 3 2 14 0
10 1577 47617 3 2 14 0
10 1578 47638 3 2 14 0
10 1579 47619 3 2 14 0
10 1580 47577 3 2 14 0
10 1581 47592 3 2 14 0
10 1582 47589 3 2 14 0
10 1583 47583 3 2 14 0
10 1584 47572 3 2 14 0
10 1585 47565 3 2 14 0
10 1586 47600 3 2 14 0
10 1587 47597 3 2 14 0
10 1588 47589 3 2 14 0
10 1589 47599 3 2 14 0
10 1590 47554 3 2 14 0
10 1591 47591 3 2 14 0
10 1592 47565 3 2 14 0
10 1593 47565 3 2 14 0
10 1594 47570 3 2 14 0
10 1595 47536 3 2 14 0
10 1596 47570 3 2 14 0
10 1597 47588 3 2 14 0
10 1598 47576 3 2 14 0
10 1599 47590 3 2 14 0
10 1600 47595 3 2 14 0
10 1601 47585 3 2 14 0
10 1602 47599 3 2 14 0
10 1603 47602 3 2 14 0
10 1604 47595 3 2 14 0
10 1605 47590 3 2 14 0
10 1606 47561 3 2 14 0
10 1607 47558 3 2 14 0
10 1608 47579 3 2 14 0
10 1609 47548 3 2 14 0
10 1610 47530 3 2 14 0
10 1611 47514 3 2 14 0
10 1612 47547 3 2 14 0
10 1613 47531 3 2 14 0
10 1614 47513 3 2 14 0
10 1615 47533 3 2 14 0
10 1616 47552 3 2 14 0
10 1617 47581 3 2 14 0
10 1618 47585 3 2 14 0
10 1619 47574 3 2 14 0
10 1620 47611 3 2 14 0
10 1621 47602 3 2 14 0
10 1622 47617 3 2 14 0
10 1623 47607 3 2 14 0
10 1624 47596 3 2 14 0
10 1625 47601 3 2 14 0
10 1626 47588 3 2 14 0
10 1627 47583 3 2 14 0
10 1628 47600 3 2 14 0
10 1629 47598 3 2 14 0
10 1630 47592 3 2 14 0
10 1631 47593 3 2 14 0
10 1632 47558 3 2 14 0
10 1633 47565 3 2 14 0
10 1634 47562 3 2 14 0
10 1635 47552 3 2 14 0
10 1636 47546 3 2 14 0
10 1637 47554 3 2 14 0
10 1638 47566 3 2 14 0
10 1639 47544 3 2 14 0
10 1640 47541 3 2 14 0
10 1641 47545 3 2 14 0
10 1642 47517 3 2 14 0
10 1643 47558 3 2 14 0
10 1644 47541 3 2 14 0
10 1645 47529 3 2 14 0
10 1646 47539 3 2 14 0
10 1647 47541 3 2 14 0
10 1648 47539 3 2 14 0
10 1649 47573 3 2 14 0
10 1650 47572 3 2 14 0
10 1651 47566 3 2 14 0
10 1652 47569 3 2 14 0
10 1653 47573 3 2 14 0
10 1654 47598 3 2 14 0
10 1655 47574 3 2 14 0
10 1656 47571 3 2 14 0
10 1657 47560 3 2 14 0
10 1658 47593 3 2 14 0
10 1659 47610 3 2 14 0
10 1660 47586 3 2 14 0
10 1661 47586 3 2 14 0
10 1662 47571 3 2 14 0